49168
49448
50705
49168
49727
50077
50146
50146
48958
49308
49587
48889
113423
109092
47911
108324
49588
53778
108743
109441
49308
49029
49447
48750
48749
49867
110419
49867
48959
50425
49518
49727
49447
50216
49517
49447
48958
60552
50076
49658
51543
49029
49727
53149
50007
50006
48749
49866
49588
49866
49518
55594
49238
49378
49657
49936
49168
49727
48749
62089
48540
49169
49029
48050
49029
48749
48958
52730
49029
51753
49518
109302
49029
49099
49657
49517
49029
48819
50006
48749
49587
48610
49378
108813
108743
113422
109022
48958
49448
49028
48679
49378
49168
49238
49029
49098
49168
49098
49098
49238
