25213
25701
28566
9499
9498
9568
9639
9568
9498
9568
20464
22908
25771
25841
9149
9010
9499
9638
9498
9010
9498
9848
9918
9499
9847
9568
10057
19905
9359
9498
9638
9568
9778
9568
9569
20394
20324
9708
9568
19974
9918
9638
9568
9568
9708
9079
25771
25282
9429
9638
9150
9150
9359
9638
9010
9638
20254
9568
9568
10057
9569
19974
20044
9638
9987
9568
20114
9987
9499
9848
9359
9359
9568
9638
9569
9917
9498
9638
20533
9638
9638
9150
9499
9358
9499
25213
9568
9428
11454
10057
9429
9917
9429
9639
9429
20184
20184
9639
9987
9498
