92051
91562
91143
91562
92050
179981
91771
91632
91003
90585
93517
91073
92400
91143
92330
90444
91073
91073
91003
92470
91213
203378
203239
92889
91771
91562
208057
111397
202889
92121
94915
203308
91073
91074
227473
208756
203867
97289
204216
204076
206660
91631
92470
92121
206800
127391
91283
92610
91073
91143
90724
91073
91562
90584
90794
207429
92051
91003
91073
91981
204705
202749
91213
90514
207219
97847
204705
92051
91073
202261
91422
130743
207568
91073
91772
91912
91562
90933
90934
90864
91562
215251
171739
91771
95055
204565
212248
263302
207638
93029
91212
91492
206870
91003
91562
203447
92051
92051
91073
91911
