39111
38622
39111
109930
38972
38622
38622
38134
38901
38762
39251
38623
38832
38622
38972
39111
38832
38623
39251
39111
38483
38622
38762
38692
38482
39041
91352
39530
38483
38971
38552
38762
38902
38622
42882
38692
39530
39112
39670
38482
39042
39530
38762
39601
39460
39461
39460
38553
38482
39181
40019
39530
39111
38762
38552
39111
39251
38902
39181
38134
39181
39321
38692
39112
39041
38762
39461
40019
39880
38762
38623
39530
39460
39251
39670
39041
39600
39251
39181
39530
38972
38482
39461
39949
40019
39041
38901
39111
41905
39600
39181
38971
39181
39460
39042
39321
39600
39181
39251
39461
