59295
133397
59156
60064
59575
60552
60064
59504
63416
60553
60133
59714
60063
59366
60064
59994
60413
59575
60134
59714
60063
133048
60553
60063
60343
60064
132489
60622
60063
60063
152673
59644
59923
66280
59155
59086
59644
62019
59924
59645
59435
60623
59645
60762
59994
59994
59994
59574
61810
60553
60623
59854
60622
60622
60902
61041
60552
60832
58667
84997
60552
66350
60343
60622
60063
60692
60064
61530
60483
61041
61041
61321
62508
71936
60762
60552
63905
60692
61041
60622
60623
60064
60972
61111
60482
60482
60832
61460
61111
61670
60552
60622
61670
60623
60203
60692
61600
61530
61041
61321
