160216
69562
69981
69073
69701
80666
69981
69073
71518
69772
70121
70191
69981
70540
69981
70121
71029
69702
194857
71308
73543
69911
70959
107207
70121
71169
70540
70470
71099
69562
71169
70959
70191
70680
70121
70120
71657
69981
71169
70540
71517
70889
70540
70470
70680
71378
157213
71098
70260
70190
71099
70819
71517
69981
71518
71518
79130
70540
70750
75778
70680
70889
71657
71308
71029
70959
70190
71447
70191
71867
74381
70959
71099
70959
71169
70750
70679
70610
82972
71936
70609
70679
71378
70539
72635
70889
71028
70959
70540
119220
72006
71657
74381
71029
71028
71308
70959
69562
72006
71098
