760862
278042
282442
286284
282373
286284
651489
292919
278531
320087
298855
488268
282651
282582
282861
283281
282373
323510
282163
594987
296271
282931
279998
283281
282652
282931
282582
282931
631025
282023
511456
611959
282862
282442
286493
282442
282582
331961
282792
629210
435467
435676
282652
282582
286493
287191
282791
291521
278531
278461
282652
303256
296481
573126
282862
282862
286004
282512
583812
282862
629349
282861
282862
285725
629000
289078
286283
286703
463124
278182
568656
282512
282303
629070
411720
315059
278182
281744
647159
489246
624530
278112
286773
282373
282932
286214
278252
783002
289566
603507
282512
282512
341319
282652
282792
631654
283281
628721
282931
413117
