297179
134447
143037
134376
134307
134377
296062
130325
129697
134097
129976
134656
160288
134097
134377
196047
130116
129836
129767
134587
134377
134377
152117
295712
134377
134446
134516
134517
134447
134586
295783
134447
291173
130256
307237
130047
129348
153373
228175
134516
134656
144993
130047
130047
130326
134306
134516
134307
134377
134656
296131
134656
295922
138358
134865
142129
134377
135005
145692
134586
134097
133748
129906
134027
130116
130186
130326
134446
129906
130256
137520
134097
142129
134376
267147
133748
134028
365345
134586
296271
134377
134586
134167
134587
215254
212670
134796
134656
130186
134446
134586
134447
140663
134377
134376
130606
130326
130186
130256
130047
