985754
841740
377498
909416
1079483
716792
396495
376589
377568
376590
377568
376869
376520
380990
377079
376730
378686
841460
377777
678658
1064467
840971
845860
377288
377567
373167
377079
387625
372539
376660
380711
377079
376520
763726
377917
619711
478769
842159
372609
377568
377009
376381
376590
380501
393562
377009
377847
879175
594917
381269
1033527
394260
1021723
377568
376939
377079
378056
377218
380012
862273
376869
820299
1042746
376520
739631
376590
1000492
749548
747034
377148
377079
377358
953837
694931
533456
377009
1004542
632352
862553
646530
843346
731808
377009
376869
376869
377428
380571
377358
969062
376869
688366
377498
381129
1147579
561463
376101
377777
961170
773573
377148
