77944
77735
78223
78014
78154
78014
78363
77944
78363
77944
78153
78084
78293
78084
77735
77804
78084
77734
77594
77944
78154
78433
78084
77665
78154
78223
77664
174116
78852
77665
77875
78294
77385
77874
77595
78084
77944
78084
77245
78014
78153
77944
78223
78014
78154
177819
77734
178308
188854
174257
78363
77525
93589
77665
78084
77665
77595
77874
77804
78014
78224
78013
179216
178308
77665
77804
81156
77734
78293
93449
78084
77804
77874
78223
174187
78014
78014
77875
78223
78084
77944
78084
77874
78153
78503
82554
174396
78154
142757
85417
114053
118243
118313
94008
93729
94357
77245
178168
77036
77665
