12642
26750
12083
26680
12432
12223
26400
12223
26260
33874
34292
14318
26609
26750
12362
12432
13201
12432
12292
12293
26191
12432
26261
12222
12502
12362
12432
12362
12502
12362
12711
12083
12432
12431
12292
12362
12013
12572
12293
12292
11943
12502
12432
12293
12502
12222
12711
12223
12083
12362
12292
12293
12432
12502
12083
12432
12362
12711
12362
12362
12502
12013
12432
12223
12292
12362
12572
12292
12362
13759
12293
12432
12362
12501
12292
12292
12432
12362
12502
12362
12292
12362
12502
12292
12293
26680
12222
12362
12571
12432
12293
12362
12432
12572
12711
12712
12292
12292
12572
12502
