608676
610981
611749
786215
1154214
607768
625229
606790
607418
929811
1216164
607908
623622
607559
607558
933442
1222031
607558
648137
607768
603507
971088
1148068
633819
940636
607768
1149046
1229784
608396
910185
608257
611051
624041
608257
607768
1429253
608955
900547
623273
612308
1534157
611470
1292083
655749
611610
611400
1232508
1280979
611400
640873
611749
611748
608047
627673
1360948
1012853
608117
1234463
628301
611120
610911
611190
646041
609235
1360738
981145
611470
611818
1201288
698144
1074874
611120
611610
1146741
1245149
607698
886788
611469
1500283
919823
611400
1052733
1219378
679845
608536
607559
603019
1008384
606790
607209
957678
603159
720983
659591
603438
1121249
677261
612098
1030872
1030803
