801150
824267
800101
1136248
2127156
1222013
803663
1063124
799333
806108
900813
1791429
899067
1067804
801010
1013816
1698540
915200
1075555
811206
1081004
1099372
2148807
843752
1007390
1786470
846197
800032
817771
798845
1782489
833765
804572
827968
1378527
845917
825664
800800
1376502
2021975
885587
796889
804572
849131
1113200
989302
1080864
1600133
1242546
930635
906330
967092
1242896
2108229
1344864
801009
819518
1120883
805060
1042032
798635
1025479
2096286
1559416
2140566
815397
806597
1240661
1912464
903956
1020870
799613
826013
810229
808413
1426508
1313156
803664
1826210
854438
884260
812324
801219
1479238
1229277
804572
1044477
1105238
799823
1584071
822101
838096
802127
2085461
1456052
1357924
976731
1154337
801219
1710692
