25073
31499
24724
32406
25492
25213
24374
11943
21092
12292
11314
13269
12991
13479
11384
11524
11873
11454
11664
11873
11803
11873
11873
12222
11803
11873
11873
12362
11873
11873
11734
12292
12013
11454
11873
12013
14038
11733
11873
11524
11593
12013
11804
11734
12222
11873
12990
11524
12012
12362
11873
11873
11384
12013
11803
12013
11943
12082
12292
11803
11524
11734
11733
11873
25283
11873
11943
11734
11873
11803
11524
12082
12013
11524
11454
12083
11733
11873
11803
11734
11385
11873
11733
12013
11873
11873
11873
11943
11454
25213
11593
11803
11873
11873
11804
11803
11804
11873
12012
12083
