730749
1013606
851295
357518
802895
359962
362337
365969
361149
357517
357658
775937
361638
357657
811696
807714
359194
822171
817283
1035467
743600
357238
357797
362337
881956
357238
771327
365130
372463
363175
810927
360800
501531
386362
364083
490984
811416
361987
806457
496642
370298
361080
726768
362825
359124
364711
361289
828946
359473
358635
362477
357308
810019
745905
802755
361289
357168
357448
361219
373861
366667
362057
357308
357169
364851
361638
357727
363942
364362
359823
375816
382939
361429
361009
364432
389784
358007
363873
357727
363874
361010
360590
357657
810718
573258
749188
357308
363175
360730
359683
364851
360381
361220
357447
428547
357168
363594
358076
361708
376375
