640095
650641
635695
630877
960178
635835
634648
1640502
631295
852483
678368
636394
1605511
631086
632133
640934
629270
1606489
660908
636533
1107893
1209372
727118
633251
1627721
641143
636952
663353
627175
648337
644565
628153
635835
1407163
766927
635835
635835
636394
637232
1662293
789765
645613
636394
645543
1451930
1201969
1133036
953962
643937
1180737
645823
647429
644076
636044
1447740
947257
637582
636114
888032
636953
1476794
1443130
908077
1620807
1346959
655600
654134
1433771
658394
751004
1620667
950470
1765238
814001
654623
1443899
1355479
1076394
642051
893200
1295137
1039657
916597
644844
642959
643797
1650489
650362
643867
644286
641353
681302
637162
665238
645124
640933
639467
636114
654133
639956
