202470
198419
202051
89676
89117
89117
98197
88838
88698
89955
88769
92470
198350
89397
90654
88908
90584
91422
88838
135981
90375
88769
88210
88489
88279
89746
198908
88279
95474
90654
198489
199467
88628
165105
191574
88908
89187
89397
88769
93727
88698
88908
88768
88628
92051
202680
197791
203797
88698
89886
88140
203588
88769
88838
90374
90165
88628
90165
88628
99803
90585
88628
88699
89746
88908
92051
89606
88209
90514
88000
88768
88769
88768
89188
88629
89536
89117
88628
197511
90444
88698
88978
254292
88628
206661
88489
88699
88768
89606
90095
88978
88629
90165
89187
88489
89606
96311
88699
88559
88698
