250451
290959
251429
252825
586178
605594
250660
252895
252127
266794
255689
320850
249962
250102
765530
258482
253524
277968
250451
250311
250940
354724
370857
257156
250032
258064
723066
252127
762178
563270
250102
303321
250311
252895
255200
254082
250032
251918
254711
250521
250311
254781
250800
253384
563200
257155
250172
250521
252477
284044
258064
252476
258064
259111
572070
252127
250521
258623
250242
250939
649315
252965
404800
250939
253315
264209
250311
253874
250381
254711
250451
258552
299480
537847
563479
354933
318896
311074
254991
254292
257226
675854
251918
250241
490705
568368
257365
254711
259600
303880
260927
251638
254711
250940
254781
252337
496082
254781
250661
250870
