201355
201775
201844
202613
415073
201705
205616
202054
328050
202613
201914
202333
197095
202124
201705
213299
202124
201355
197584
196606
197095
425479
257439
431276
201845
378405
446851
570333
202333
389650
254994
201425
201146
201845
197514
197095
201775
216162
201775
448387
202613
197584
197095
197165
435467
330145
278741
469131
202193
201774
205546
202683
205057
201426
202054
201775
201635
202263
197374
201565
197095
197584
201495
201915
202404
202403
201425
201076
551824
201705
201844
201704
201495
467874
202403
202333
202333
201775
205616
449645
202054
205826
201984
205825
200657
197584
201635
201914
201635
201076
202053
201774
204987
200377
197165
198073
359688
207921
573405
229223
