37575
37645
37436
39600
37575
37645
37506
37156
37505
37296
82483
37506
40089
37506
37715
37505
82973
37714
37645
37226
37156
37785
37714
37855
37226
37296
37715
37575
37715
36667
37156
38204
37575
37645
37645
36947
37226
37575
37854
40858
37435
37575
37505
37645
37715
37575
37575
40858
37645
43372
37505
37156
37785
37715
37017
39182
37645
37715
37645
37645
37645
82903
37296
37645
37575
37506
37715
37575
37295
50146
83392
40648
37645
37645
37645
37645
37575
37715
37645
37505
37226
37575
82903
37506
37296
37784
37295
37505
83113
37226
37645
37715
102598
37575
37715
37226
37086
37226
37295
37575
