1087026
485055
1082626
495461
486312
489874
486033
1086048
485963
1036390
485684
485893
485544
1135148
486103
485265
994485
1097083
485265
1034504
487988
486242
485614
1102182
486452
486033
490293
946783
486382
659660
1024098
486801
693255
485474
1088004
629419
548402
486103
485474
1088422
963475
1251434
488617
1179009
1117268
489385
621806
1033457
536739
608536
911931
487011
1049311
492738
503494
486592
489664
972484
488966
1087095
485683
1081718
574663
1041139
1085978
485754
499722
1087515
485404
1115871
771898
486032
499652
487849
489315
1087515
798367
486033
487150
1107630
644296
485543
530801
489385
484705
481423
486662
638079
484497
489525
500351
484985
484776
489805
1141293
649045
486103
485474
1099179
625717
