100
100
201
100
100
100
211
120
100
211
100
100
190
100
100
101
190
130
100
100
101
100
110
101
100
200
110
90
100
200
100
110
101
90
90
101
100
140
100
101
100
90
200
110
100
100
200
100
100
101
210
100
100
210
100
110
161
111
100
201
100
101
201
100
101
100
101
91
100
100
100
100
100
130
90
201
100
101
100
100
101
110
201
100
100
100
100
101
100
100
101
100
161
100
340
200
111
100
100
100
100
100
101
100
200
101
100
100
100
161
100
100
201
210
200
200
100
110
100
90
190
110
101
100
110
200
100
100
200
110
110
200
101
100
100
100
101
101
100
100
100
101
140
110
190
190
90
100
110
200
100
100
100
100
100
190
101
100
121
100
381
201
100
101
100
201
120
100
100
101
100
101
100
100
201
200
110
101
191
100
150
100
100
201
200
200
200
101
201
100
100
100
200
100
100
101
201
190
90
100
201
100
100
100
100
100
100
101
210
130
100
200
100
101
120
100
211
100
101
200
100
100
251
320
100
101
140
80
100
100
100
190
100
100
100
100
200
100
100
100
100
140
100
200
191
190
100
91
191
100
100
101
100
100
100
101
100
210
100
200
150
100
200
100
100
100
100
110
201
201
110
120
131
100
200
100
100
211
80
170
90
90
90
171
90
191
180
191
171
191
90
90
80
110
110
201
100
120
100
100
200
100
100
100
101
100
100
100
101
101
90
100
100
100
100
110
100
100
100
100
100
100
100
100
190
101
100
191
100
100
200
130
100
190
100
110
191
100
110
110
100
100
100
101
130
100
200
100
100
101
100
100
100
101
100
281
101
100
100
100
100
200
100
100
100
100
100
101
100
101
100
200
100
100
100
100
90
101
100
100
190
210
201
200
201
200
180
90
100
100
100
200
110
201
100
100
101
101
100
110
190
201
100
100
181
210
100
101
90
120
210
201
100
100
200
100
100
200
200
191
230
100
110
100
101
100
190
111
190
100
191
100
201
100
101
200
91
100
190
210
110
130
101
100
100
201
100
200
200
211
201
101
251
100
101
100
100
101
100
190
191
190
211
100
190
100
101
100
191
100
100
100
200
100
190
201
200
200
101
210
110
100
100
100
100
211
100
100
191
100
190
100
101
100
110
100
190
190
110
110
100
101
101
100
110
100
90
100
211
100
190
191
190
100
100
211
191
150
100
190
160
100
100
100
100
100
200
110
100
90
100
101
111
100
200
101
100
130
100
100
190
200
100
100
110
340
100
220
100
100
100
110
201
200
100
90
90
201
101
101
100
100
110
210
200
190
100
100
160
101
100
120
101
100
121
100
201
110
100
101
191
101
100
190
101
190
100
200
100
90
100
100
100
100
100
100
130
110
100
100
190
210
101
160
100
100
100
171
190
100
201
160
140
210
211
210
200
100
100
140
130
100
90
211
100
100
200
100
131
190
101
100
111
100
190
210
201
201
101
101
100
100
151
100
91
100
100
150
90
120
200
231
201
111
110
100
100
100
100
100
100
100
90
100
100
191
100
101
90
150
100
100
101
201
101
100
160
160
100
111
100
100
210
190
201
100
200
201
201
191
100
100
100
241
100
100
91
100
100
201
190
100
110
100
100
100
100
80
210
160
101
100
90
90
110
100
100
100
150
521
211
110
100
201
200
100
101
140
110
200
191
100
100
200
200
100
130
100
110
90
210
190
211
190
100
100
100
101
100
101
100
110
200
100
101
101
100
191
100
100
211
200
100
90
100
100
100
100
200
101
101
101
150
100
150
100
100
100
100
200
101
100
100
101
100
200
190
111
100
110
100
100
120
121
100
190
110
101
110
121
201
170
110
100
100
100
100
100
91
100
221
100
101
100
110
100
100
191
100
101
100
100
101
100
100
101
100
101
100
101
200
100
100
100
100
90
101
100
200
100
100
100
100
190
201
200
100
210
200
100
110
101
100
100
140
200
120
101
100
100
101
221
100
101
100
100
100
100
100
100
210
200
100
140
101
201
191
101
100
200
160
100
100
100
101
100
100
100
190
110
201
201
100
120
200
211
200
201
200
100
121
201
100
100
100
101
100
100
101
200
190
100
210
210
100
101
100
100
100
200
200
180
100
190
101
100
100
191
100
90
130
200
101
100
90
100
100
101
100
101
101
100
111
100
100
100
100
100
101
90
101
100
111
190
100
100
100
100
190
100
201
201
100
130
200
100
111
111
91
200
100
90
120
200
210
100
190
100
100
101
101
100
100
100
111
91
200
200
101
90
100
100
100
191
91
100
100
100
100
140
