90
201
210
100
190
100
100
101
90
101
90
150
130
151
91
100
100
100
100
101
91
180
191
200
80
191
241
100
90
90
190
100
231
100
110
160
100
191
100
100
190
140
161
90
100
91
101
90
121
150
90
100
90
200
100
100
91
191
201
100
120
190
301
170
100
191
190
100
101
190
190
100
191
100
100
90
111
191
101
90
100
180
91
100
101
100
100
100
100
100
190
100
90
90
90
100
100
100
101
140
100
90
100
100
191
190
100
90
181
110
91
190
90
130
101
180
80
100
100
100
100
100
190
100
90
200
100
100
90
190
190
200
181
90
100
90
130
190
90
121
110
90
190
90
100
100
410
100
100
190
91
90
191
191
80
180
100
191
100
100
100
90
100
191
181
100
100
101
91
90
90
100
190
190
90
100
240
100
201
90
100
100
100
90
101
130
191
190
90
100
100
100
190
190
91
191
160
100
100
91
190
100
150
90
101
80
170
191
100
120
100
150
100
100
101
90
101
140
100
150
120
91
100
201
90
100
90
190
190
100
190
100
101
100
100
100
100
100
90
91
100
101
191
100
100
100
180
190
180
190
150
100
130
100
190
100
91
191
91
200
100
100
90
100
190
100
90
150
100
101
200
90
100
100
100
200
101
190
90
91
90
91
120
100
100
90
100
190
100
100
201
190
100
191
100
91
90
100
100
100
90
100
100
101
190
190
191
160
180
91
190
100
100
100
190
90
90
91
91
190
100
90
90
90
90
190
190
180
190
90
90
100
90
111
231
111
130
90
91
200
90
191
100
91
90
190
100
100
100
180
130
100
90
101
100
190
191
90
100
91
100
100
100
100
160
100
190
90
91
90
90
181
190
100
91
121
190
90
90
101
90
100
190
181
91
200
100
100
100
91
101
191
90
180
100
110
101
191
100
100
200
100
100
190
120
200
100
90
90
90
90
101
100
100
90
90
100
221
190
190
90
200
100
161
190
100
100
120
90
90
190
191
90
190
100
101
191
191
101
191
100
191
190
200
320
90
100
100
191
90
100
90
100
100
91
190
100
191
181
90
100
100
191
190
100
101
200
90
90
90
210
100
100
90
91
190
100
90
220
100
90
100
100
101
100
90
100
100
100
91
150
150
100
101
90
180
100
91
90
100
90
100
90
100
190
90
101
110
90
91
100
101
190
90
100
100
90
91
100
101
100
90
101
100
100
90
180
100
190
191
200
100
101
100
100
100
90
151
90
91
101
91
201
100
110
100
100
90
101
100
190
180
120
100
180
180
190
191
90
190
90
190
100
90
100
150
100
91
140
90
100
90
100
100
190
91
101
90
90
100
190
100
100
100
100
110
191
90
90
90
100
100
181
100
100
100
101
100
100
191
190
101
201
191
191
200
100
121
90
100
90
120
90
101
90
100
100
190
110
111
180
100
101
181
90
190
190
90
101
90
90
120
100
100
100
190
90
100
90
100
201
90
100
100
151
171
90
100
100
100
190
100
91
90
90
100
120
201
100
191
120
351
90
90
90
190
151
181
90
120
100
201
100
120
90
91
100
191
191
101
201
100
101
90
100
90
150
190
190
91
100
210
190
100
90
190
190
191
100
100
110
90
100
130
100
101
201
90
90
100
100
100
190
100
191
100
90
100
100
101
100
91
90
90
191
90
100
101
180
180
90
91
101
100
100
101
90
100
101
101
101
90
191
90
100
90
100
91
100
90
101
101
90
90
100
90
180
100
211
90
91
180
180
90
190
100
90
90
90
90
140
190
190
101
90
90
160
150
121
100
90
90
90
100
240
100
90
90
191
100
191
100
191
180
191
90
170
90
160
101
100
100
100
100
191
100
190
101
100
90
90
190
191
91
100
91
90
190
100
90
91
190
181
191
100
100
190
90
100
100
190
201
190
190
90
121
180
91
191
100
191
190
181
100
190
101
90
191
90
100
100
91
191
190
200
101
190
100
101
200
90
190
90
181
190
90
101
100
101
190
201
191
101
100
200
100
120
100
100
90
90
101
100
91
190
90
100
100
100
201
90
190
101
200
91
100
190
90
190
150
100
90
90
120
100
101
91
90
100
90
91
100
90
101
100
100
100
90
190
100
90
200
100
101
100
90
100
101
191
90
150
100
90
90
90
90
90
100
190
191
101
90
181
100
91
190
190
91
191
100
90
100
90
100
91
121
190
190
90
101
180
90
121
100
100
90
120
90
101
100
100
180
191
90
100
100
90
90
101
120
190
100
100
180
100
90
190
201
200
100
130
190
90
100
90
131
151
90
100
100
