100
90
90
100
200
90
90
331
91
90
110
91
100
101
110
181
191
180
180
90
100
200
100
200
100
190
90
100
90
201
180
100
200
150
90
101
190
191
191
90
190
90
90
100
180
110
90
180
100
190
100
140
100
190
191
201
121
90
131
100
80
100
250
100
90
90
180
100
90
131
90
100
90
100
100
90
181
191
191
190
200
100
100
120
100
200
190
100
100
90
90
150
90
90
90
100
121
90
91
91
100
100
190
90
100
90
190
100
100
190
120
190
90
101
100
90
191
90
100
100
91
181
190
100
91
190
180
180
181
191
100
101
91
90
101
90
201
100
91
90
90
90
191
100
100
190
91
90
100
100
110
150
100
111
130
200
90
101
101
100
100
110
210
180
90
180
90
191
190
190
90
100
200
190
90
191
90
90
161
190
120
100
200
91
190
190
181
190
90
100
191
191
200
191
91
120
100
190
100
200
90
100
90
191
131
91
190
90
100
100
90
90
91
200
190
100
100
90
151
161
170
80
80
80
90
111
170
80
80
90
90
80
170
160
90
80
91
100
190
181
90
100
120
91
90
90
191
100
91
100
101
100
100
91
150
190
100
90
190
191
90
100
201
100
100
91
101
100
121
210
90
90
100
101
190
100
100
100
131
190
191
201
90
100
120
100
100
100
100
90
100
91
190
100
90
90
90
100
90
100
191
91
100
100
90
200
100
100
101
90
91
101
190
100
90
90
100
90
90
191
201
191
90
101
100
90
91
100
100
110
90
90
190
90
100
90
190
191
200
200
130
100
101
100
90
90
91
90
90
111
90
90
100
120
200
90
100
100
100
181
100
190
91
191
190
100
100
191
101
101
90
190
191
90
100
90
100
101
130
151
190
181
160
100
90
201
190
200
101
100
100
100
101
100
200
181
90
100
220
90
100
90
90
100
90
190
91
190
90
180
90
190
100
90
190
101
100
190
190
100
190
100
100
100
191
91
191
90
90
100
100
190
91
101
190
190
190
100
90
100
100
190
90
111
190
101
100
190
190
100
100
101
90
100
150
90
100
190
100
100
100
120
100
201
91
191
191
100
190
191
120
90
91
100
90
130
100
101
100
100
200
100
100
200
110
100
190
100
101
101
190
90
91
101
90
321
200
170
190
190
210
130
190
90
100
100
101
90
130
90
180
100
90
100
100
91
100
100
191
190
90
90
131
91
190
100
191
190
190
90
100
100
91
90
191
100
191
90
90
91
120
91
160
100
100
190
80
90
100
91
90
100
190
211
140
90
191
90
91
100
101
190
100
100
90
100
100
100
200
100
91
100
150
151
90
91
90
100
90
100
100
141
140
190
200
100
91
181
91
90
91
90
190
191
100
191
100
100
130
100
190
100
90
100
100
90
100
90
190
90
101
90
100
160
100
101
191
90
120
100
191
191
140
100
111
121
191
101
90
90
101
101
200
180
100
90
90
91
100
100
100
100
90
100
100
100
100
90
110
100
191
100
100
100
90
90
191
100
100
90
90
181
90
100
191
100
100
91
100
190
101
100
140
100
190
191
100
190
201
190
100
100
190
100
90
190
101
101
90
100
190
200
90
130
191
100
90
90
190
180
191
181
100
100
100
140
101
200
90
90
100
90
90
90
100
100
191
191
190
201
100
190
100
150
100
190
90
100
191
100
381
91
101
100
91
90
90
90
190
90
101
91
101
191
100
190
201
100
110
90
90
100
100
100
190
90
141
130
100
110
120
190
190
100
100
90
151
190
100
190
191
100
210
91
180
100
90
201
180
90
160
120
91
100
320
110
140
100
100
111
90
360
101
190
100
100
100
100
101
90
90
101
91
90
190
90
90
90
200
191
190
190
191
191
110
200
90
181
201
191
100
91
100
101
101
100
90
90
101
100
100
90
190
190
100
101
191
120
90
90
90
201
100
190
91
90
101
91
101
90
100
100
100
90
191
100
100
180
170
100
140
90
100
120
101
130
100
90
100
100
191
100
140
100
90
90
121
190
200
90
121
190
190
110
100
101
100
201
100
100
100
150
191
101
90
90
100
91
100
211
100
150
190
90
100
190
100
100
90
91
181
100
101
191
101
91
90
90
90
90
180
100
90
100
100
100
220
90
100
100
101
100
100
100
101
100
181
80
100
100
100
100
201
191
190
190
91
210
221
90
101
100
100
120
190
90
90
180
100
100
100
120
90
101
100
90
91
101
100
190
100
100
90
90
90
190
110
200
90
100
90
100
100
191
100
150
90
91
90
190
100
110
100
111
180
100
100
90
281
90
