130
101
121
201
100
190
100
101
201
130
201
191
110
90
90
200
151
140
100
100
100
90
91
100
100
90
100
91
100
100
90
110
91
190
90
131
100
90
131
100
91
140
91
100
101
90
90
90
131
91
100
101
100
110
90
90
100
101
111
100
100
111
120
100
90
100
101
100
100
90
90
91
90
101
261
100
100
140
191
100
100
100
100
100
91
121
100
90
160
100
100
90
110
160
130
100
110
100
90
100
100
120
90
100
101
101
90
110
90
90
180
211
100
100
90
100
100
100
170
100
130
100
130
101
100
201
190
201
90
90
90
191
100
90
90
90
100
100
100
131
190
191
91
91
190
101
190
100
190
90
100
100
100
100
100
190
101
90
90
170
101
100
111
90
90
100
100
100
191
100
90
110
91
101
91
100
90
90
90
90
90
90
90
130
110
90
90
90
190
100
100
90
100
90
100
100
100
120
120
100
120
90
100
100
80
91
140
140
100
200
100
90
110
100
200
100
130
90
110
90
91
100
90
420
130
310
100
100
130
100
100
100
80
200
91
100
90
100
200
100
101
100
90
191
90
100
80
101
90
150
101
100
100
151
140
121
131
100
190
91
90
90
90
100
191
131
100
100
100
100
190
180
100
160
170
100
190
101
90
90
100
91
100
90
181
191
90
100
110
130
190
100
101
90
100
90
170
100
90
190
200
100
100
120
100
100
100
101
100
190
90
100
100
101
100
90
191
190
101
100
100
100
90
100
100
90
100
90
90
190
100
90
201
191
181
190
190
200
91
90
381
181
190
120
100
180
100
100
100
91
90
90
100
90
90
100
90
101
100
100
90
200
120
121
91
90
181
130
150
100
101
100
191
100
191
100
101
211
100
201
100
100
191
91
101
211
101
91
90
90
190
191
101
201
100
240
421
91
100
130
101
90
200
190
120
100
101
100
191
100
150
100
190
101
90
101
200
91
100
100
100
100
130
90
100
160
90
190
190
120
90
101
100
130
101
100
100
101
100
101
90
140
100
100
190
150
190
100
111
90
270
100
90
90
101
100
101
100
190
90
90
100
150
100
110
140
120
181
100
91
90
100
90
101
190
100
190
90
190
101
180
191
100
90
190
90
130
100
100
100
190
91
190
190
90
190
91
90
200
200
90
90
100
100
110
90
90
90
100
201
190
90
90
101
190
90
90
201
191
100
90
100
100
190
331
90
150
130
191
90
90
200
110
111
90
200
110
190
91
101
90
100
100
100
90
141
100
130
220
191
100
191
90
221
90
181
200
130
190
100
251
101
90
90
100
101
90
100
100
90
90
190
90
100
191
100
100
190
200
171
191
190
90
91
90
100
190
91
90
91
100
90
101
150
90
201
90
100
190
91
100
90
100
200
191
100
101
190
100
200
91
101
91
130
90
100
190
120
90
101
100
100
90
190
200
100
100
200
90
180
190
190
90
90
190
100
90
90
190
131
250
171
170
80
90
100
90
91
90
80
170
80
170
171
110
90
91
90
110
181
100
90
130
90
90
100
90
180
80
100
100
90
101
100
100
100
101
90
100
141
190
90
90
101
100
90
121
91
100
190
100
100
191
190
191
90
90
100
100
150
130
181
190
100
191
191
201
201
211
91
131
200
201
100
100
100
120
190
100
121
100
101
100
190
100
100
100
140
190
190
190
100
190
180
100
91
100
190
191
90
90
90
191
110
100
131
191
90
90
90
180
191
91
100
191
101
100
190
100
100
90
90
100
200
180
181
200
120
191
90
81
100
90
90
180
190
100
100
100
100
90
101
130
150
100
191
250
100
90
100
100
100
91
201
90
90
120
90
410
190
190
90
191
190
161
160
190
90
101
110
90
90
101
100
140
100
100
181
100
90
190
101
100
101
90
100
91
100
100
90
90
190
90
90
100
101
190
100
90
91
150
100
90
90
190
100
100
190
100
121
180
90
120
170
191
211
90
101
100
100
100
190
100
190
100
100
90
190
130
100
90
130
191
90
110
101
131
100
90
100
190
181
91
191
140
140
100
101
100
90
210
90
160
100
100
100
90
90
191
90
90
100
100
191
100
90
90
190
191
190
100
100
90
180
100
141
190
190
201
100
100
90
191
90
100
100
90
90
90
80
100
190
100
100
200
90
100
181
90
111
90
190
110
100
100
201
100
101
90
100
190
110
161
90
90
90
91
100
90
171
200
91
161
100
90
101
90
90
190
191
190
190
180
190
131
180
180
100
221
130
130
90
100
90
190
181
90
91
130
90
190
90
90
190
190
101
130
100
90
90
