100
190
101
90
190
90
100
100
110
91
100
190
160
90
90
101
100
100
191
100
101
90
100
90
191
100
100
100
101
100
190
181
100
101
90
211
100
100
191
190
190
100
100
100
100
191
90
100
100
100
101
100
100
131
190
91
100
100
100
110
100
100
91
190
100
120
100
190
151
191
90
101
90
90
101
140
90
90
101
100
100
190
101
90
100
191
120
100
90
101
100
100
190
191
100
90
101
100
100
91
140
101
191
191
101
90
90
101
100
90
90
100
191
90
190
190
191
190
100
90
100
101
90
90
100
100
110
101
131
100
100
100
90
100
90
151
190
191
90
111
191
101
101
191
190
90
100
201
101
161
141
100
260
100
190
91
100
91
100
90
101
90
101
90
200
90
90
181
190
100
90
90
91
100
91
100
100
120
190
200
191
201
101
91
180
100
100
90
90
100
90
100
190
90
100
111
120
100
101
191
140
90
90
100
90
130
90
100
101
100
80
191
100
90
100
151
100
90
90
100
90
100
100
170
200
100
90
90
100
131
90
181
181
90
100
101
100
101
90
90
120
100
100
190
100
90
91
91
190
190
100
100
90
100
191
111
100
100
101
150
100
90
100
100
100
100
90
100
190
190
100
100
90
200
180
100
100
111
100
90
100
90
100
100
100
130
91
100
91
100
90
90
90
100
100
90
90
90
100
100
101
90
100
90
190
90
91
100
100
91
100
101
91
110
100
100
120
100
140
120
140
230
100
100
110
100
190
90
140
90
100
90
100
100
100
101
201
100
100
90
90
90
100
101
101
100
131
190
190
190
100
100
90
100
101
190
100
80
90
100
100
90
100
210
90
191
190
100
130
91
100
100
100
160
100
170
191
180
100
100
100
100
200
100
101
100
191
91
100
221
90
100
90
100
100
100
210
90
190
90
101
100
100
101
110
101
111
200
90
191
200
100
90
191
100
261
100
100
90
200
200
91
200
100
191
100
190
190
100
100
90
100
90
100
100
191
90
150
210
90
120
190
341
101
90
100
100
190
90
111
100
90
191
180
90
90
191
180
91
91
100
130
101
100
131
200
100
101
91
91
190
100
190
90
110
101
190
91
90
101
100
100
131
191
100
100
90
101
90
100
100
90
191
100
90
100
91
90
190
90
100
180
90
100
100
101
90
91
90
100
90
150
120
100
190
90
100
80
150
190
100
90
91
91
191
100
151
150
90
100
190
90
181
100
90
90
201
100
330
101
90
180
91
101
140
100
181
151
100
101
90
100
100
100
160
100
90
100
100
190
190
100
90
90
100
101
90
130
90
90
120
101
201
91
90
100
90
90
80
120
190
100
100
101
90
91
151
100
110
170
90
90
100
90
190
101
201
91
91
91
100
100
100
110
140
140
90
151
91
191
91
190
101
190
90
100
101
261
191
100
100
210
90
100
100
190
91
100
180
140
90
91
90
90
120
100
100
90
100
100
100
90
100
100
200
121
191
121
90
360
90
90
121
100
100
100
190
100
221
190
100
90
100
90
200
100
100
90
90
101
100
190
90
101
100
100
211
120
100
190
80
190
91
100
100
100
100
190
111
100
100
101
100
90
90
201
90
90
90
181
90
100
100
101
101
90
100
90
211
100
100
90
90
100
190
220
100
90
100
191
90
200
101
140
90
90
100
100
90
100
201
120
90
121
101
190
90
120
191
200
110
100
100
210
190
100
91
101
190
100
160
90
200
101
100
190
101
90
181
100
91
271
160
101
90
100
90
190
90
100
220
180
191
91
100
91
90
110
90
110
90
101
90
210
190
90
181
101
100
180
101
190
100
90
90
191
100
100
100
190
101
90
101
101
100
190
150
150
181
100
100
181
200
170
100
100
190
90
201
101
100
100
100
110
180
160
91
100
100
101
100
200
190
170
191
90
151
110
90
91
130
191
100
100
190
100
131
180
100
100
120
190
190
90
150
111
110
241
110
101
100
180
201
100
100
100
100
200
101
90
101
100
200
100
200
100
100
191
100
110
190
210
100
200
191
200
201
100
191
201
130
100
100
100
101
100
100
90
130
100
100
100
100
111
201
100
100
100
190
191
191
100
110
101
201
100
200
240
100
441
100
100
161
110
101
200
201
151
110
190
191
200
101
100
110
90
140
200
100
100
100
90
190
190
100
100
110
90
100
100
91
200
200
90
100
200
200
101
100
140
190
210
100
100
100
100
101
101
101
100
101
90
100
200
100
90
201
100
101
100
100
140
190
100
181
100
160
100
100
190
201
100
110
110
100
100
100
100
200
100
