130
100
100
200
100
200
100
100
101
200
90
140
100
100
100
100
100
201
141
101
100
191
100
100
341
100
200
100
120
101
100
100
100
100
100
100
100
100
100
200
120
100
250
101
200
100
100
160
130
200
531
100
100
100
100
100
100
100
200
101
130
201
100
201
100
100
100
100
100
240
200
100
100
100
100
101
160
101
100
100
190
200
170
200
131
101
140
100
100
110
101
100
101
120
391
190
121
101
100
191
100
100
100
100
201
90
100
151
100
101
100
100
210
100
100
130
100
100
100
100
101
100
190
141
211
100
160
150
100
200
531
200
110
210
200
100
100
100
100
110
100
100
210
200
100
100
100
100
100
101
110
100
100
190
221
100
100
200
100
100
101
100
201
200
100
100
100
100
210
111
190
100
110
100
100
100
101
100
200
201
100
100
100
100
110
100
100
101
100
100
100
200
100
100
101
111
200
101
110
110
100
151
200
200
111
100
100
221
200
100
101
100
100
200
201
100
100
100
120
101
110
100
200
200
200
190
200
100
100
100
100
110
100
101
101
100
100
100
100
100
101
190
101
190
210
200
231
100
101
100
100
100
100
101
100
101
100
100
100
110
110
100
91
100
190
100
100
130
100
210
130
220
130
100
100
100
111
130
100
101
100
100
191
200
201
101
100
111
100
100
120
101
100
100
101
201
101
100
100
190
100
211
100
200
200
200
100
101
100
160
200
200
200
190
200
111
100
100
100
110
100
100
201
110
141
151
100
210
101
210
100
201
200
100
210
100
100
100
101
100
200
101
100
100
100
190
191
100
100
100
191
190
100
100
200
201
100
100
100
151
201
130
200
101
100
100
100
100
100
130
100
100
100
100
191
201
100
210
100
100
101
121
110
110
100
100
100
100
110
201
200
140
200
200
100
160
100
101
131
100
100
101
101
100
100
100
101
100
100
100
100
100
111
110
100
100
151
100
200
111
211
90
110
100
201
100
200
200
90
100
100
100
200
201
150
90
100
100
181
150
110
101
201
100
100
90
101
100
100
101
200
141
110
101
101
100
100
100
100
211
131
431
100
111
100
100
100
110
201
100
100
201
190
100
100
191
100
101
100
100
200
100
100
200
101
101
201
110
101
100
110
100
100
100
100
100
160
100
200
100
190
100
100
110
100
101
201
100
100
210
100
200
100
100
100
100
100
200
100
190
211
101
100
100
211
100
111
100
100
220
190
90
101
101
101
100
100
100
200
110
101
100
100
100
101
110
101
110
200
100
200
90
101
100
100
110
100
100
100
100
100
101
191
100
100
101
100
101
180
190
130
90
100
100
100
190
140
91
80
100
90
100
90
190
230
100
90
100
150
90
100
150
190
100
100
100
190
100
100
100
101
90
191
91
120
90
100
100
100
191
100
101
100
100
100
90
90
90
90
90
90
100
100
90
271
181
371
90
191
150
90
90
100
100
90
90
190
200
90
201
90
90
191
190
190
180
190
191
91
150
90
90
190
191
100
90
90
90
181
180
91
180
180
90
101
190
90
100
190
100
90
101
140
100
100
100
191
130
360
100
101
91
100
90
90
91
150
90
100
90
100
181
211
90
140
191
100
90
190
90
90
180
90
90
191
90
90
90
90
90
130
100
90
180
200
90
90
90
141
100
90
190
120
90
241
90
100
190
100
191
140
120
90
140
120
150
130
90
100
101
151
151
191
101
171
90
100
90
90
100
101
100
100
100
100
140
90
100
100
91
90
120
90
101
90
91
100
100
100
110
90
101
190
190
200
190
90
100
161
140
151
90
90
120
100
100
90
100
100
90
90
110
90
200
181
101
91
100
90
150
150
190
190
101
100
90
101
191
90
101
90
90
100
90
100
100
90
190
100
130
190
91
191
91
100
200
100
90
190
90
100
100
190
100
101
90
90
101
90
200
191
90
190
190
180
100
101
100
100
100
90
100
190
190
151
101
100
90
90
90
120
110
90
100
141
90
90
200
100
191
90
90
90
91
191
101
101
91
101
190
90
200
101
100
100
190
190
90
101
90
90
90
191
130
90
191
100
100
160
90
150
90
100
90
90
200
100
100
100
190
90
100
100
90
90
90
211
100
140
100
100
100
101
100
90
191
180
150
100
100
101
90
90
100
180
90
191
190
100
91
91
211
90
100
190
190
120
130
170
100
101
90
191
90
91
160
100
161
90
100
150
180
221
90
101
100
101
90
100
100
100
180
90
101
341
90
191
101
210
100
190
180
90
190
100
201
201
181
100
100
190
200
100
90
90
191
91
100
100
191
