91
190
100
90
191
90
100
190
100
101
100
181
100
190
90
101
181
90
90
111
100
100
100
91
100
100
190
90
90
191
100
100
90
191
100
90
190
101
421
91
90
191
191
100
151
100
201
100
90
100
200
91
181
100
90
90
90
100
190
191
101
190
100
100
190
91
100
90
100
100
190
100
191
90
90
100
200
90
90
101
100
100
100
91
180
130
191
201
90
90
151
190
190
190
90
140
100
100
101
100
100
191
100
100
121
100
150
100
100
101
100
240
190
190
190
90
100
100
100
101
100
100
90
100
90
90
180
201
90
100
90
100
100
90
91
100
100
110
110
130
140
101
101
100
251
90
91
100
100
91
100
100
90
91
191
100
161
191
140
91
100
90
100
100
100
100
201
190
100
100
90
201
161
101
190
190
201
131
90
100
191
90
101
190
190
90
100
90
190
90
180
101
191
100
100
90
100
100
90
141
100
100
90
90
110
100
100
101
100
90
90
101
100
100
90
90
90
90
190
90
101
90
180
100
110
101
90
190
91
140
90
100
101
91
90
100
100
100
120
190
190
100
100
201
100
90
91
90
90
100
181
180
90
91
150
90
100
90
100
100
200
100
90
90
191
190
191
100
130
90
100
100
100
90
100
100
100
190
90
90
100
100
191
101
91
190
80
90
100
101
90
90
100
91
100
100
100
190
181
90
100
190
101
90
190
100
90
100
80
100
100
190
211
90
100
100
100
91
110
101
100
100
150
100
190
100
150
90
100
100
100
140
90
100
100
201
160
100
121
90
100
91
101
90
181
101
100
100
100
191
191
190
140
101
191
190
100
90
140
190
101
210
100
210
100
200
90
100
100
210
101
190
100
100
100
90
191
190
200
90
100
140
90
100
181
90
100
190
100
151
181
100
90
100
100
101
90
90
100
190
190
190
91
140
100
190
90
100
110
201
180
100
90
160
90
101
90
90
90
150
191
91
90
100
90
100
191
100
100
90
100
90
100
90
90
100
140
81
100
90
200
90
101
100
161
90
180
90
90
90
190
110
110
90
90
100
90
90
120
191
90
90
101
100
100
180
280
101
190
90
100
190
190
100
100
200
190
100
90
121
100
80
471
90
190
200
90
100
90
101
91
90
190
90
140
180
91
101
190
191
281
90
101
100
90
100
191
90
90
91
90
180
90
100
101
100
191
181
90
100
131
190
90
190
191
90
190
101
91
90
90
100
101
90
100
100
100
90
180
120
100
190
100
100
91
100
181
90
100
100
110
90
90
100
100
120
100
130
100
190
100
90
90
190
100
101
120
180
191
190
100
100
201
100
100
100
190
100
100
90
200
120
100
371
90
100
90
130
90
190
100
191
90
90
100
100
100
90
201
150
100
201
120
90
100
100
101
100
401
110
90
90
100
100
101
101
200
101
80
191
101
151
100
190
100
200
90
90
100
390
91
100
140
110
100
90
100
180
90
100
90
150
90
101
190
100
90
100
90
180
100
100
101
120
90
90
90
91
100
100
190
91
150
201
161
91
190
110
191
100
180
100
100
120
110
90
100
190
100
110
90
100
120
90
100
190
100
90
91
90
191
190
100
350
131
190
100
260
190
90
100
100
100
90
190
100
100
201
90
90
90
90
190
100
100
190
200
90
191
90
120
140
101
90
100
90
90
110
101
90
100
91
180
90
100
90
130
101
90
100
191
191
101
100
100
100
180
130
110
100
110
101
100
111
90
100
90
100
90
90
190
100
101
221
100
110
90
110
100
100
100
100
100
190
90
100
90
80
170
80
120
110
90
171
150
81
90
80
100
90
160
91
80
80
80
201
110
140
90
121
91
91
90
100
101
100
90
200
90
100
180
181
100
90
190
100
190
100
191
90
110
100
90
100
101
90
191
100
101
140
90
100
101
100
101
90
90
100
100
180
200
100
100
100
130
141
100
90
90
200
190
90
100
90
91
90
90
120
180
200
101
90
190
90
190
90
190
91
181
91
100
100
100
101
100
91
90
91
101
101
91
90
130
90
91
190
100
100
181
90
101
90
100
201
90
120
90
190
120
190
140
90
190
100
130
191
190
191
200
190
100
90
191
90
91
100
110
90
100
90
90
120
100
141
190
90
100
100
190
100
370
100
100
90
100
181
100
100
100
90
100
101
100
110
101
90
90
91
90
90
191
91
91
90
101
90
120
191
100
140
100
101
211
191
91
100
90
120
91
100
90
101
80
100
100
90
101
100
90
90
190
220
191
90
100
190
100
100
101
90
90
90
90
191
100
100
100
90
130
191
