100
101
200
100
100
100
101
200
100
100
100
100
190
200
201
201
100
100
100
101
210
100
100
100
100
100
100
101
100
100
100
100
100
100
100
161
121
201
150
201
100
201
100
200
201
191
100
100
100
200
100
100
100
101
211
100
100
151
190
101
100
210
100
161
180
151
100
101
100
201
110
100
100
101
201
100
101
200
200
201
100
100
100
200
100
100
111
101
100
100
100
201
100
201
151
101
100
101
201
100
101
451
100
100
100
200
191
100
100
100
101
110
100
100
100
100
100
100
201
100
100
101
101
200
90
221
110
101
110
100
210
100
101
201
191
201
130
100
100
100
100
100
100
201
91
180
101
100
101
130
100
201
191
90
100
101
100
200
100
100
100
100
100
100
100
100
201
101
491
101
100
100
200
100
100
101
100
100
100
100
110
100
100
100
200
130
201
201
100
200
100
110
201
201
190
100
140
200
201
200
151
111
100
190
191
211
190
100
100
100
201
100
100
100
100
101
100
101
190
100
100
110
100
100
190
211
101
190
100
100
110
121
100
100
100
211
201
100
100
201
90
100
100
101
100
100
100
190
100
100
250
101
100
190
200
200
131
201
100
101
110
110
101
100
100
100
201
101
101
200
100
110
101
100
91
200
110
100
191
301
100
100
110
100
110
100
101
100
100
110
101
100
110
100
100
100
100
100
101
100
201
130
101
100
130
100
100
200
90
100
100
110
211
90
90
181
91
180
90
91
80
170
90
90
91
110
90
90
91
91
181
161
90
90
100
111
100
130
100
100
190
100
100
100
111
110
100
100
100
211
200
100
100
200
201
100
101
100
191
111
101
100
201
100
100
101
100
100
100
100
170
190
200
100
100
191
100
210
161
130
100
100
111
100
100
200
190
100
101
101
100
100
110
100
100
100
100
100
101
101
100
100
100
190
201
201
100
201
100
100
180
100
100
100
100
100
100
100
100
201
161
200
201
190
100
191
200
150
100
120
191
100
100
101
100
181
190
191
201
100
100
100
110
200
201
190
200
100
100
110
141
100
200
161
150
100
161
140
90
200
100
111
201
100
191
100
100
100
111
150
160
110
200
111
100
101
101
100
100
100
100
121
100
101
101
100
101
100
100
100
110
100
101
100
101
101
191
100
111
100
100
110
100
141
120
100
100
100
100
201
110
130
140
100
130
100
100
100
101
100
210
100
100
100
100
150
100
101
100
110
100
201
100
100
100
211
130
100
101
100
140
110
101
120
130
111
120
120
181
100
121
110
100
100
110
100
201
100
200
100
100
200
100
110
100
100
100
120
111
100
201
110
120
100
100
100
100
101
101
271
100
100
100
100
200
100
100
100
120
121
100
100
110
111
100
100
110
100
100
110
100
120
100
100
100
100
100
100
100
110
101
160
190
110
100
100
100
130
140
200
250
190
160
110
200
220
100
100
110
100
130
101
161
171
190
101
100
201
100
151
100
200
100
150
200
100
201
200
100
100
390
101
200
201
101
110
100
100
140
100
211
200
100
100
100
140
200
100
110
100
100
190
110
140
100
100
100
100
100
100
100
200
100
100
110
100
130
200
200
100
100
200
100
110
100
201
200
100
110
100
100
101
150
100
200
100
100
110
210
120
100
201
100
100
100
100
100
100
151
101
100
90
100
100
100
100
100
111
211
200
101
200
101
100
90
100
100
100
100
101
100
101
100
100
221
100
100
110
100
200
200
100
211
201
161
101
111
200
101
100
100
100
101
100
101
110
90
200
101
100
100
131
101
100
100
160
100
90
110
100
100
100
200
190
190
100
101
100
160
100
100
100
110
100
111
100
201
90
201
100
100
191
200
100
100
101
101
100
110
100
201
100
101
90
111
101
100
201
100
100
101
241
120
100
110
110
100
201
201
190
100
100
100
100
101
100
111
101
270
100
100
110
100
100
101
100
100
100
100
200
100
100
100
101
100
100
100
100
100
210
101
200
100
110
210
100
100
200
101
111
200
101
100
200
101
100
130
100
101
100
140
101
101
100
100
191
100
100
100
100
201
201
200
100
100
101
110
200
110
230
100
110
100
100
120
100
130
100
100
100
150
90
100
110
100
110
170
100
100
210
160
100
100
101
200
190
201
110
100
100
150
201
200
100
100
100
110
100
201
101
101
100
100
201
100
200
151
191
130
100
100
100
100
100
160
150
161
100
100
100
100
100
101
100
100
101
150
100
101
100
161
201
100
100
200
200
100
100
100
100
100
100
200
200
100
100
100
100
200
130
211
100
101
160
100
100
100
101
100
100
