0 80.626 0.080626 91 100 1000 busca-pior-1000-0.txt
100 126.897 0.126897 91 100 1000 busca-pior-1000-100.txt
200 127.51 0.12751 91 100 1000 busca-pior-1000-200.txt
300 117.82 0.11782 91 100 1000 busca-pior-1000-300.txt
400 124.204 0.124204 91 100 1000 busca-pior-1000-400.txt
500 124.846 0.124846 91 100 1000 busca-pior-1000-500.txt
600 125.736 0.125736 91 100 1000 busca-pior-1000-600.txt
700 122.165 0.122165 91 100 1000 busca-pior-1000-700.txt
800 123.419 0.123419 91 100 1000 busca-pior-1000-800.txt
900 129.096 0.129096 91 100 1000 busca-pior-1000-900.txt
1000 126.091 0.126091 91 100 1000 busca-pior-1000-1000.txt
