100
100
90
90
191
91
180
190
101
190
90
180
101
90
91
90
90
191
90
100
190
200
100
190
191
91
190
90
111
100
100
90
90
191
80
191
90
190
100
190
101
190
131
91
100
100
190
90
100
120
101
90
100
190
80
150
110
90
80
91
170
91
170
171
80
90
381
161
80
161
81
80
120
81
190
190
100
91
100
91
190
200
91
91
191
150
100
191
100
100
151
100
90
90
190
190
191
100
90
100
190
100
90
191
190
100
91
90
90
90
190
100
100
91
90
101
100
90
190
100
90
90
190
90
90
90
190
110
100
90
181
190
100
191
91
91
90
100
100
180
201
140
100
101
90
100
100
100
90
190
90
100
190
210
190
190
190
190
100
191
100
90
91
100
200
190
120
90
100
90
100
100
101
100
90
100
100
90
191
190
190
90
100
100
90
100
150
191
101
101
90
190
101
90
90
101
190
200
100
190
90
100
90
100
90
90
191
191
80
181
200
190
90
80
191
91
90
90
190
90
90
91
100
90
90
90
90
190
120
100
101
100
120
100
180
101
130
130
91
101
90
190
100
101
170
90
90
190
100
100
100
101
90
100
190
100
151
201
100
120
100
101
100
100
130
90
90
90
90
181
100
190
90
90
90
191
190
191
160
190
151
100
191
190
100
101
100
90
100
90
101
90
90
90
90
100
90
101
100
190
130
121
110
261
111
100
91
90
200
100
161
130
190
101
100
90
90
190
101
100
100
91
90
91
100
191
101
191
180
90
90
90
90
101
200
91
100
101
100
90
190
201
100
190
90
200
91
100
90
100
91
191
191
190
120
190
100
200
100
190
90
100
91
191
100
101
101
110
90
90
90
190
90
100
190
190
100
191
190
100
90
100
100
91
100
191
100
91
101
100
101
90
100
101
200
90
100
101
201
430
190
90
100
190
101
100
90
161
131
201
100
100
191
190
201
140
100
90
191
100
200
90
161
130
90
191
100
90
120
190
100
110
91
100
190
171
90
90
90
100
90
90
190
100
100
101
100
100
110
100
101
100
100
90
110
201
100
201
100
90
90
90
100
91
250
181
101
141
100
91
100
191
100
100
91
100
190
160
90
90
100
181
190
101
110
181
140
90
100
121
90
120
90
100
191
100
90
121
101
101
101
100
111
80
101
100
100
100
100
100
110
90
100
190
90
111
100
90
90
100
100
100
90
100
150
100
91
191
101
101
190
100
100
101
101
200
90
111
141
90
101
100
90
100
190
100
100
100
90
100
91
100
131
100
100
101
100
90
90
120
90
90
90
100
120
140
100
100
100
100
100
101
190
100
90
100
90
100
190
90
91
200
190
90
90
90
190
121
101
90
90
100
100
190
91
91
101
101
130
90
90
91
90
190
101
90
191
100
90
190
90
100
100
300
141
110
91
90
100
100
90
91
190
191
191
100
251
100
101
100
110
100
100
191
91
90
100
91
100
200
100
90
110
100
100
100
101
100
90
101
90
100
110
100
110
90
100
100
90
131
110
120
90
110
90
100
100
100
100
101
120
100
101
100
100
131
90
191
100
100
90
100
121
90
100
101
100
180
100
140
91
90
90
120
100
120
100
90
100
101
110
100
100
90
91
100
90
100
91
100
91
190
100
100
90
91
130
100
90
100
90
120
111
101
100
100
90
90
100
100
90
90
100
190
90
100
100
100
90
90
191
100
190
191
90
231
80
100
90
90
90
90
190
101
190
120
90
90
100
100
160
91
90
191
141
101
101
100
191
100
90
191
110
100
90
100
100
101
140
190
90
100
90
90
90
91
191
111
180
190
100
190
100
90
141
100
90
101
100
100
191
90
100
100
120
201
90
91
190
90
91
100
100
191
190
100
90
190
100
101
90
90
110
100
90
190
91
101
90
191
90
120
100
100
131
100
180
101
120
101
190
90
100
91
100
110
100
100
130
100
101
90
191
100
100
91
101
120
100
91
100
161
90
110
100
110
140
140
100
90
90
90
90
100
90
90
90
100
90
101
121
100
100
171
90
100
90
100
90
101
90
90
100
171
101
90
100
100
101
100
90
90
90
100
131
200
100
91
91
100
90
100
100
100
100
100
120
100
90
90
100
90
101
100
100
90
100
101
90
100
180
90
100
100
101
100
120
110
101
110
101
110
90
90
100
190
90
90
101
90
110
90
90
90
100
100
90
90
100
100
110
100
90
190
101
110
100
101
91
100
100
91
90
90
100
90
90
101
90
100
100
90
100
100
90
100
100
100
100
91
190
101
100
90
90
100
101
90
100
100
