101
100
100
100
100
101
100
100
100
100
100
100
100
200
211
100
110
100
100
110
100
100
100
110
100
100
100
100
100
101
101
100
100
100
200
100
100
200
101
100
200
101
101
131
110
100
101
101
100
100
110
200
100
100
100
100
150
100
101
140
190
101
200
101
100
361
110
200
110
90
100
100
100
110
100
130
100
140
100
140
170
391
171
361
100
200
190
101
100
100
100
191
100
100
100
210
201
100
121
100
101
140
110
90
180
100
201
101
90
100
100
100
100
181
100
100
201
100
101
100
211
101
100
170
200
101
100
210
100
91
110
90
201
190
100
100
100
200
101
110
100
100
100
100
100
211
100
100
100
100
100
100
501
100
201
200
100
100
190
101
101
100
100
101
210
100
100
201
200
101
101
101
100
131
101
111
100
101
100
100
110
191
111
110
120
100
90
100
100
100
100
110
110
200
201
100
100
200
100
100
100
100
100
131
110
201
191
111
100
190
100
101
110
100
120
200
100
100
90
101
101
201
100
100
100
200
100
90
100
100
190
100
90
200
100
100
100
100
100
100
201
200
200
200
100
100
100
100
210
111
100
200
210
110
101
100
100
90
100
100
100
100
140
100
130
100
91
101
340
200
90
100
110
170
101
101
100
100
101
201
200
100
100
101
101
100
100
100
100
111
100
100
111
201
70
141
201
271
101
101
130
100
101
110
91
100
171
100
190
100
100
100
100
90
190
100
101
200
100
100
191
100
100
111
100
120
100
100
100
100
100
100
91
100
100
100
201
200
190
190
110
100
100
90
100
210
140
201
100
100
90
100
100
110
110
100
221
200
100
100
100
151
101
100
111
100
110
230
90
100
100
100
100
101
110
190
191
100
130
210
101
190
200
100
110
101
100
91
190
100
110
201
161
90
100
200
120
101
100
100
100
101
100
200
90
190
110
90
200
100
101
200
200
100
100
90
101
100
200
100
100
90
100
191
100
100
100
100
200
191
190
100
100
100
100
90
111
110
90
100
90
201
101
100
100
90
190
101
100
101
201
100
100
130
90
190
200
100
100
101
101
110
110
100
200
100
90
100
100
100
100
100
100
141
130
190
130
110
100
210
211
90
100
100
100
101
90
100
100
110
100
211
200
100
100
190
200
200
101
100
100
100
100
100
141
100
161
100
131
100
100
100
110
101
100
120
101
130
201
100
91
100
210
101
100
100
151
101
100
100
190
200
110
91
130
100
100
200
100
110
100
101
90
100
101
191
100
110
100
110
100
100
100
100
111
100
101
101
130
110
190
100
101
100
210
140
170
190
200
201
100
111
210
81
101
110
100
100
100
191
210
101
100
120
100
100
101
100
90
110
110
201
210
141
131
130
100
100
70
101
100
140
110
201
101
90
160
160
101
101
100
100
221
190
110
100
101
111
200
110
100
201
90
100
100
150
100
100
101
161
150
211
171
210
100
101
131
90
100
100
100
180
451
101
200
140
100
100
201
190
200
100
100
100
100
100
101
200
100
100
100
101
200
131
110
90
110
110
101
111
100
100
110
90
101
101
111
100
201
100
190
150
130
100
120
211
200
211
101
100
100
100
101
90
100
100
90
100
100
100
201
100
100
211
171
100
100
100
220
100
100
110
90
100
201
90
100
170
100
90
170
181
91
90
90
180
150
151
180
181
91
90
180
201
211
190
100
191
90
100
100
90
100
101
200
101
200
120
100
101
100
100
100
100
100
120
190
90
90
100
100
100
111
200
90
110
100
100
100
100
200
200
200
200
100
100
121
100
100
200
201
200
190
200
100
110
110
100
100
191
201
100
100
200
200
100
90
100
100
250
100
210
201
190
101
100
100
131
200
200
110
200
90
100
100
101
101
131
100
90
100
100
90
100
100
100
100
190
200
100
191
100
201
201
100
121
100
100
100
100
101
100
100
200
100
90
200
100
190
130
100
100
90
201
200
300
90
100
90
100
200
100
90
100
101
100
100
100
100
101
130
101
101
110
100
210
100
201
100
110
100
110
120
100
200
110
111
90
200
90
90
201
100
100
100
100
100
101
100
201
100
100
100
201
100
211
101
110
100
100
101
100
210
211
201
200
190
101
100
100
100
100
90
100
100
120
90
90
101
210
200
100
180
100
200
130
100
100
100
101
110
100
100
100
100
90
110
101
201
110
100
100
90
111
210
100
110
100
100
100
100
130
100
101
131
100
111
201
100
100
100
100
100
100
100
110
110
100
191
100
101
91
191
100
110
100
101
110
191
210
100
90
101
90
100
200
100
91
90
200
