70
90
61
110
70
60
120
61
70
61
60
70
60
60
60
60
60
50
60
80
60
120
121
70
60
60
60
120
130
50
60
60
70
120
60
111
60
110
110
60
50
60
60
60
130
110
60
130
60
60
161
121
60
111
110
120
60
60
60
61
60
60
60
100
60
60
60
121
120
60
60
120
60
120
60
60
60
60
130
60
60
60
120
60
121
50
100
60
60
120
120
60
60
60
60
120
60
110
120
61
61
60
60
60
60
60
60
60
60
60
60
60
81
60
121
120
60
80
121
60
60
120
120
60
50
60
60
60
60
60
60
60
60
60
60
70
60
60
60
60
121
60
80
60
80
60
50
80
60
60
60
60
60
130
120
70
61
60
60
60
60
60
120
120
110
61
50
70
110
60
81
71
60
70
60
61
70
60
70
60
161
80
60
60
70
50
80
60
60
121
60
60
60
60
120
111
60
120
70
130
60
120
60
60
120
110
60
60
120
110
121
61
120
60
60
60
60
60
60
120
131
70
60
60
61
60
60
51
120
60
80
61
60
121
120
110
60
120
110
61
60
51
60
70
120
110
60
60
60
121
60
50
60
60
60
120
60
111
60
60
110
60
80
110
120
60
60
60
60
60
110
60
60
60
60
60
110
60
110
60
60
120
60
60
60
60
61
121
60
140
120
60
60
61
120
120
111
60
60
60
111
121
60
60
50
121
60
60
120
60
60
120
60
60
61
60
121
60
70
110
110
120
60
121
120
61
60
60
60
140
120
60
120
60
60
121
120
60
60
60
121
60
120
60
120
60
120
61
60
80
130
110
60
60
121
110
60
80
60
60
60
60
120
121
60
120
60
120
60
60
60
120
60
81
111
60
60
60
110
60
60
60
61
61
60
61
50
60
110
60
130
60
60
60
60
120
120
60
60
120
70
120
60
120
60
60
50
60
60
61
60
60
60
60
60
60
60
420
120
121
60
81
61
101
61
130
60
120
60
60
120
60
61
60
60
50
120
60
120
110
130
60
61
120
60
61
60
120
91
60
60
60
60
60
50
80
100
60
60
51
60
60
120
110
130
121
70
60
131
60
61
60
131
60
60
121
60
60
60
110
80
60
60
60
60
60
60
60
120
50
111
60
60
121
120
140
60
61
61
60
80
60
111
60
60
60
60
60
71
61
60
61
121
61
61
60
61
60
60
121
60
51
120
61
60
121
120
60
60
61
60
51
60
61
60
60
60
60
60
60
60
120
120
70
60
60
60
120
121
150
60
60
60
60
61
60
60
60
50
60
51
80
60
60
120
60
60
121
120
60
60
121
60
60
60
61
51
61
60
60
60
60
60
120
60
120
120
60
60
60
60
120
91
120
50
120
60
60
60
121
60
110
120
121
71
60
120
60
60
60
60
60
50
60
110
80
130
110
120
121
50
60
60
110
120
121
60
120
60
60
60
120
120
60
120
60
60
60
110
60
61
60
60
60
60
121
60
60
60
60
60
60
60
61
61
120
120
120
60
60
60
60
60
60
120
120
120
60
120
121
60
60
60
60
60
60
60
60
60
61
60
70
70
50
60
60
60
61
61
120
120
120
60
51
60
60
60
50
130
120
70
70
60
120
70
110
120
71
60
60
120
60
120
110
60
60
60
60
60
121
60
51
60
121
120
50
60
60
60
60
51
50
120
60
60
60
60
140
60
110
110
120
60
60
70
60
120
121
111
60
60
60
120
131
120
60
60
60
60
70
60
110
120
160
130
120
121
60
120
110
70
60
60
120
60
110
121
120
60
60
61
60
60
61
60
120
121
60
121
60
120
60
60
131
60
60
60
121
60
60
121
110
140
121
121
110
121
110
60
60
120
111
60
60
61
60
61
60
61
120
110
121
80
130
100
130
311
60
60
60
60
110
120
121
110
120
120
120
110
120
120
60
60
51
60
50
50
120
60
61
120
60
60
120
120
60
60
60
120
111
120
61
61
60
121
121
140
60
120
130
120
61
60
60
61
60
110
110
111
60
130
140
120
120
60
60
60
60
130
120
60
120
140
80
120
60
61
121
120
60
80
120
60
60
120
70
60
130
120
60
60
120
61
110
60
120
60
120
60
60
130
110
120
120
60
60
120
110
110
101
120
60
100
110
60
51
60
60
121
60
60
120
61
110
60
60
70
110
60
120
110
60
60
121
60
60
60
111
120
60
60
60
121
60
110
120
60
60
60
60
60
60
60
60
60
120
120
60
110
60
60
60
70
60
121
60
61
60
60
60
60
60
60
121
60
61
60
60
50
60
