116191
227994
116051
225149
118546
117745
119788
122524
118977
132763
119888
115831
125339
122894
113726
117955
113746
119839
115470
117314
118616
124227
120840
120299
334166
116782
114107
110491
113597
120169
132883
225420
119919
136230
114579
221543
188829
120199
122564
120269
238625
199991
119227
129076
119047
121592
123956
181886
139706
159334
118716
227273
121201
115440
117965
114759
112374
114438
113386
113456
111843
184091
222223
230239
226531
118516
226632
224518
152912
124187
224858
216854
112474
117233
121281
115419
223666
116092
125038
113246
115690
119568
113797
281577
223766
268141
138765
117905
124638
231111
219869
225269
215791
207465
137281
248964
229928
229517
119257
114879
