91554
91404
192066
161387
81957
80383
79431
82677
80543
80974
116622
163341
183900
203137
85453
98968
160556
83338
82297
79271
83950
159514
80533
158572
161879
158872
154955
79481
84071
83459
105621
161307
81855
78770
81806
125169
159915
154664
82417
84841
156588
79882
99800
160435
84772
78670
160145
83148
127663
84000
162079
100842
81094
86635
159605
83128
82066
83219
223806
84220
80423
85543
141419
191816
152410
156307
158903
81275
80774
86565
100150
82788
81586
154625
85513
81907
84551
90061
86916
82497
82898
78610
78830
160796
81716
121351
160215
158512
165275
86715
83199
81846
158772
82187
163782
83018
160887
99380
156909
84431
