34245
67479
66607
53562
41449
41539
38684
34666
66116
37542
42992
33414
71406
102605
63801
33033
73239
69803
47691
79131
35288
64192
32422
36179
66938
33684
33664
36189
31670
69122
63511
33463
69413
41109
36880
38794
37411
35017
66978
32052
66307
34095
33664
31620
36510
66477
33423
61888
34025
66267
33474
33544
64232
31930
65916
32552
65635
66818
78539
37862
84751
39706
41008
37441
37301
35026
34215
33003
32902
31820
67880
32852
34666
34526
34115
34526
63110
35027
32262
66346
64422
31139
65966
66236
32872
31600
39555
36540
54123
38944
67498
69562
35207
52721
33183
32482
66186
33805
62409
67288
