182848
121041
182918
189020
174994
94620
94059
97887
182508
180003
176427
94530
107354
182257
201293
92006
90092
108627
217404
91314
90512
94199
176226
187377
95151
184211
180053
95592
98417
94821
92236
91624
147731
91665
91724
180984
95021
94480
90673
96383
107335
93699
90312
91634
95051
92957
94910
89290
91986
93869
179602
91344
111092
199561
95171
92246
177759
184541
213797
174583
185543
91755
92506
92847
91314
95121
89420
88989
94299
92637
92596
177578
175013
94460
208598
95331
94220
179562
178130
184301
176547
179993
90572
90793
95522
109519
186475
175324
95071
182408
94480
111884
181435
174743
181816
182087
208918
185524
185403
91995
