87216
42941
102997
93408
45376
41620
42861
44114
41479
42882
82587
45346
45357
45857
44494
44665
43483
92416
73230
46078
58351
47851
48132
42971
78359
73781
81735
42030
48743
67709
44254
54163
44584
61608
48613
47240
51358
52450
45657
41469
45897
47360
48773
103617
45276
58271
45387
44344
86434
58712
44745
49053
46339
45637
42881
54273
61718
47751
47130
44765
53011
46639
46419
53813
49574
46258
48292
47010
46729
47721
66747
43793
48041
46939
44034
44124
44945
46148
46969
78650
47591
43052
46739
44675
49685
44815
43773
43974
50426
49203
43954
43804
47490
84471
47090
44886
48543
47681
44946
47020
