68530
86004
87336
83759
89801
68150
67860
82637
64623
126241
83459
70294
85333
70895
68019
161577
68321
86565
65855
65184
64563
68691
68040
66477
70324
70734
197526
65555
62690
71516
124648
69562
90122
72087
68822
89180
85513
67599
65936
80002
67258
64793
62750
60715
69131
123115
63762
67088
68901
68440
104328
65975
65565
79762
63511
61888
87938
82748
63992
70935
61647
65886
68270
64183
69052
65044
62840
126000
69182
81174
64292
63120
126000
116973
66576
62620
60676
61076
62549
70825
68551
66497
64784
136750
64032
65865
80293
73590
72038
81014
83770
85172
67178
76816
81966
62459
61948
67058
64553
70975
