56979
78329
75424
55896
55856
57840
128896
53111
52891
53552
57199
86014
65484
72728
79752
63501
69382
63351
62358
86325
57579
53773
51528
132041
56758
56057
53752
55185
50707
103928
140789
52931
50076
56959
60856
73850
56137
102175
57439
59553
58732
54774
54154
110450
59433
54214
56498
52390
57199
56868
53141
51388
50185
53152
53221
56648
55956
57560
58281
59353
59112
72168
60074
56749
108627
55306
54333
57209
61718
56838
79742
106804
52971
53481
57149
62469
58301
58050
56318
62730
57319
58051
60486
58291
55926
55015
102576
75504
55706
54374
52550
55145
53181
51578
59784
60125
53642
55737
55696
54213
