97416
98057
83279
77979
88388
76235
75754
79392
74563
147200
76356
80053
77949
86275
73961
76035
93528
73049
135498
74382
77928
74663
89691
87407
76716
75353
74712
137903
93989
73871
140378
71456
172769
75043
142762
71766
76796
143534
73971
72107
72898
73740
137692
140688
88549
71166
74391
145017
73009
129948
72248
70074
74952
72288
124016
138854
140518
70976
81455
70404
138965
141559
140989
71837
75704
72418
79150
71566
77017
75363
75554
76315
76796
77468
73350
75664
71797
71206
72478
71276
138705
78279
139486
80644
75864
74822
78009
146830
74712
75183
76316
92085
142021
149705
72398
71175
71506
73290
131811
144916
