102466
103888
207846
201174
150427
109078
120670
147872
209269
146839
162700
146379
153362
149474
146238
161177
117194
156738
156618
202666
112044
149866
151579
154755
154435
263832
157740
213817
153402
159904
162750
156248
182498
113056
104509
105922
202506
105471
252791
105581
103697
191545
112645
115971
107465
150136
112675
241336
110911
111743
212394
109709
111042
105350
103357
101253
101413
99009
199100
112544
105642
106974
203027
113977
128124
102014
242172
175274
202516
108997
106543
107876
108196
107495
116412
145387
107234
129908
122473
127332
120690
110551
105872
137391
111162
107555
127002
105551
103437
102766
149484
192557
138684
109328
106803
107725
204609
205822
107936
106904
