126064
57270
57060
57130
56292
127391
126344
56991
61181
56991
56293
56711
56782
58598
56781
56851
62438
126623
132001
67956
56851
55804
56781
117264
56851
68864
56851
57270
56711
56712
56641
56851
57270
57270
57061
56781
105531
78013
248916
66280
56223
56711
56712
56711
56712
56641
56711
56991
126483
56572
57200
56711
56781
56991
57200
57200
57201
126413
56781
57061
57131
57060
56781
56572
57131
57200
56781
66280
56502
56781
57410
126763
56990
64254
56712
56851
56851
56293
56642
56711
56782
57131
56851
56711
57550
56712
126553
75010
75360
61461
131093
56711
57480
57200
56572
57689
57201
126414
57479
133956
