53010
52381
52521
52591
52451
52312
52452
52381
52451
63905
52520
52521
52381
92400
52870
52032
52451
52032
52521
52940
52381
52661
52311
52032
53010
52102
52800
52661
71099
52451
62019
53918
53778
52731
51055
52800
54756
52032
52731
52521
52452
64325
117543
121175
52521
52731
144223
57410
121036
53010
52381
52521
52591
52311
52381
52032
121176
52800
56781
56292
55733
52521
69422
52451
52521
52940
52730
52940
53010
52660
52521
52451
52870
52591
116915
52451
52940
57619
52521
52521
52661
57410
53289
54825
55244
58178
52521
55454
52451
52870
51963
52382
52381
53010
52870
52311
52381
52382
52940
55733
