30730
31009
31010
30801
31359
30940
30940
31010
31010
30730
30102
31080
30591
32476
30521
31009
30521
31499
31009
31010
30451
30731
30520
30521
30730
31010
31010
31010
67536
30521
120896
29613
33384
30521
31010
30520
31987
30451
31009
31009
31010
32407
30521
31987
67886
30242
30730
30521
30730
30940
31009
31219
31010
30940
31010
31010
31220
30521
30940
30870
31010
30520
30940
31010
31289
30939
30730
30940
30521
30521
31009
33384
30521
30102
30451
32896
30451
30520
31010
31010
34432
30940
30521
35270
68305
30590
35270
34782
35270
30940
30521
30590
30940
31010
31219
30521
30939
30521
31010
31010
