17670
38832
17600
17461
17950
18229
32965
17880
17601
17670
17880
18159
17739
17740
18019
18229
17740
17531
17670
17739
17600
17670
38972
17530
17530
17251
17879
38133
17670
17600
18019
38064
38483
23676
23397
23258
18089
18019
17670
18159
17739
20673
17880
17460
17669
17810
17530
18089
18159
18578
18089
18299
17460
18089
18019
18647
18229
19695
17880
16832
17670
18020
18019
39460
17809
17810
17600
17600
17670
17321
17880
17740
17600
17740
17670
17251
17600
19905
17740
17809
17181
17600
17251
19346
17810
18089
17740
17740
18508
17670
17670
19067
17600
17530
17809
17670
17740
17670
17531
17740
