11524
11593
11803
11454
11524
11384
24025
24654
24375
11733
11803
11384
11385
11594
11803
11594
11593
11384
11803
11384
11314
11524
11244
24375
12362
24444
11594
24375
11384
28076
22280
11454
11244
11245
11454
11733
11524
11454
11454
11454
11524
11803
24026
11524
11803
11384
24304
11454
11245
11524
11384
11524
11315
11593
21371
11873
11384
11454
11384
11524
11874
11454
11384
11803
11314
11593
11873
11804
11873
11803
11594
11454
11524
11454
11385
11315
11943
24794
12013
11734
11873
12502
11803
24235
11523
73055
11593
11245
11384
11384
11454
11524
11873
11803
11314
11524
11174
12013
11873
11873
