154977
157910
298362
154419
340196
154000
222025
154559
159936
151905
154139
154628
230964
154838
149740
150647
163568
215740
376304
340127
154070
154977
154768
156026
377771
156444
154349
154419
154349
157003
154140
154488
155187
154419
156445
158121
154349
157981
396489
154978
154489
149739
153791
165384
154419
156444
154489
154558
341943
165454
316730
154768
157771
154488
159657
344806
315124
315473
156444
159796
154558
154698
156933
154699
347390
226634
318266
152184
338870
150369
335447
153999
164895
155327
157841
150368
149809
152115
155466
335726
248495
327346
154488
154489
155885
154768
156025
156794
154350
154559
352489
333492
437415
156165
248634
328114
156584
155676
332095
154838
