500203
548812
724044
585129
479739
476876
473244
486304
477085
475828
477434
522622
860024
485187
670056
795072
475269
871269
473523
692894
473593
472964
472965
472336
1381599
473663
474222
474431
959687
1084843
1200151
819517
479948
473174
479879
476875
577167
494545
730399
468844
473174
497479
479251
1521769
638768
479879
477085
684653
1015980
514590
475409
476875
702463
475688
643797
906120
480996
593441
648615
788927
832856
477364
1059281
475758
792069
481415
473104
1152380
476597
471219
1104050
827548
474221
476177
829923
480857
475758
713497
484279
475898
476387
1358761
476806
1100348
570043
906748
536799
474990
480228
474362
490006
479320
1006970
635974
477155
476317
477504
472057
934125
1036863
