635764
1265593
1058374
625917
1028341
1197567
1293738
1311268
614742
608596
631853
620958
613346
616628
633250
1771103
749955
609015
663841
958710
1429998
779846
621656
620609
614742
1456119
1111732
617397
661326
634717
638348
657206
1177104
635275
1267967
1162926
1132685
1160621
1166417
1767052
1189466
641491
651898
613346
617815
1370354
789694
999218
615371
1320766
611948
612368
612647
616907
608317
1582531
867357
608387
616349
657275
652876
722437
636393
897110
703440
682069
700019
658184
700298
700647
671454
685212
706583
723415
676342
849758
615301
617675
630037
652456
853250
610622
616977
612787
607339
837396
675015
639885
645752
648196
625358
634438
1095040
617676
846336
1718652
1316995
1085053
980570
991116
