1955
1886
2375
1886
1886
1886
1885
1886
2374
2375
1955
1955
1885
1886
3282
1816
2375
1886
1886
1886
1886
2375
2375
2374
1885
1885
1956
2375
1885
1885
1955
2305
2374
1885
1397
1886
1885
1467
1467
1955
1956
1886
1885
1885
2375
1886
1816
2304
1885
1886
1886
1886
1955
2374
1885
2375
1955
1466
1955
1885
1886
1955
2375
1885
1956
2375
1886
1956
1886
1886
1885
2305
1467
1886
1885
1956
1885
1955
1956
1955
1885
2374
1956
1886
1886
1886
1886
1885
1955
1886
1885
1885
1955
1956
1886
1955
2374
1886
1886
1886
