1886
3353
2374
1956
1886
1955
1955
1955
1886
1956
2305
2305
2375
1886
2374
1885
1956
2305
1886
1956
2375
1955
2375
2374
2375
2375
1885
2375
1956
2375
2445
2375
1886
2445
1956
1956
1886
1956
1885
1956
1886
1885
2375
1886
1886
2375
2864
2375
1885
2374
1956
2374
2305
1956
1886
1956
2305
1956
1956
2305
1956
2445
1955
1885
2375
2374
2374
2444
2375
1816
1886
2375
1886
2375
1886
2305
1955
2374
2445
1955
1955
1955
2375
2374
2374
2445
1885
1886
2305
1886
2374
2444
2374
1956
2375
2444
2375
2444
1885
2375
