1886
2445
1466
1466
1466
1886
2305
1955
1886
1885
1956
2444
1467
1885
1466
1885
1816
1397
1397
1397
1955
1885
1886
1886
1396
1886
1886
1816
1885
1397
1397
2305
1467
1397
1397
1467
1886
2444
1467
1885
1956
29124
1467
1885
1816
1886
1467
2864
1466
1885
1396
1886
1466
1397
1886
1467
1956
1955
1956
1396
1397
1886
1397
1885
1885
2305
1467
1467
1467
1397
1466
1397
1466
1396
1397
1397
1885
1956
1886
1466
1397
1397
1397
1886
1956
1955
1467
1467
1466
1466
1955
2375
2375
1397
1886
2444
2375
1467
1467
1886
