2863
2794
1467
2375
2305
2374
2444
2375
2444
2375
2794
2374
2375
2863
2375
2445
2375
2374
2375
2374
2375
2375
2374
2863
2374
2374
2444
2444
2375
2305
2305
2374
2305
2445
2305
2793
2374
1886
2374
2375
3213
4191
3771
2444
2375
1956
2374
2374
2864
2863
2374
2933
2374
2864
2374
2444
2305
2375
2375
2375
2933
2793
2793
2374
2305
2374
2864
2374
2375
2374
2933
2724
2374
2375
2444
2444
2374
2304
2374
2374
2445
2444
2374
2375
2305
2375
2374
2305
2374
2863
2375
2374
2793
2794
2934
2375
2375
2374
2374
2444
