2375
2374
2375
2375
2444
2374
2374
2445
2374
2374
2375
2374
1885
1955
2374
2445
2375
2375
2375
2305
2374
2374
2444
2305
2375
2375
2305
2305
2444
1886
2304
2445
2374
2444
2374
2375
1886
2374
2375
2445
2375
2374
2445
2375
2375
2374
1885
1885
2374
2375
2375
2374
1955
2305
1955
2375
2445
2375
1886
2304
2374
2374
1956
2374
4260
2304
2375
2375
3771
2375
3772
1886
2444
2445
2375
1956
2305
2375
2235
2374
2375
2375
1956
2375
2375
2374
2374
2444
2305
2444
2445
2305
2374
2374
2374
1886
1885
2444
2374
1886
