122794
273942
241641
272520
242462
142842
188689
121933
240237
184632
242401
237272
244415
124196
124196
124427
144525
272790
241320
122163
123376
143393
261297
247421
122573
280424
243183
121842
123425
123796
244475
236931
122985
240789
236230
131550
128374
365075
272920
245768
238735
134296
122794
239326
122985
139776
248604
122343
139135
253092
122534
246440
121892
263753
129016
252231
123605
123495
123736
140538
294731
257681
240979
121692
126672
139666
126701
126771
242262
236801
247261
125930
122874
124578
144254
242903
305732
122723
154334
126381
276326
239777
245698
248684
124968
123826
272970
128715
240418
239216
122503
263271
123856
126491
127934
234406
124256
123766
123294
124938
