81185
81926
163431
161016
87917
236801
86875
100060
86465
82407
165225
159835
153432
166217
158862
82016
80925
82367
81906
83819
81726
229096
87597
81997
99659
164574
106553
90984
101283
87547
84812
87366
93779
91765
169453
208297
111693
107294
83039
82477
82236
82237
82517
83359
82077
81426
81986
81265
80042
80643
164423
163812
168311
232874
166147
83499
83219
81355
123566
164593
169774
86414
83709
164604
164183
161597
165235
160075
178861
186806
84902
81195
83409
81806
201785
171006
154284
163201
165114
82878
83048
82427
95111
160326
140197
81766
83819
82908
163701
159163
160887
161317
161648
112634
160586
160916
82457
166478
168230
164573
