111562
117374
113005
117614
224748
113917
219378
152821
112404
112935
227774
219929
117023
112995
243774
112785
113396
112184
155135
113686
227744
115680
220751
240749
218346
111924
110781
113447
113326
228275
223747
226191
112664
112704
112755
111662
116682
130238
220971
112795
114588
112595
143513
112735
116372
114128
223586
154635
123274
221853
224107
222844
215019
226010
218826
112615
113687
114468
217474
237563
117564
113556
112114
111723
115611
218466
226872
221121
113125
112945
114458
113236
111422
112183
114718
224438
151198
114708
224538
229467
112665
110932
229087
217124
117664
231841
116161
113566
222303
238093
221512
115300
208557
224468
111884
129386
111362
113407
116081
113456
