55195
51698
46760
44395
46308
77618
39866
38633
44024
38413
41609
38624
37993
37181
74563
112414
79461
42902
38283
44815
80353
41549
40276
40577
45787
38764
63691
76536
37852
36890
36810
37522
77217
75665
118155
40336
37852
38253
75053
71306
73770
73340
83279
75123
79091
40587
77587
44505
37972
41910
80915
39285
73190
38032
40077
37762
75163
38232
39224
38093
39635
75364
71727
39826
37181
36840
37792
39395
37502
37351
39976
37211
37381
36880
39375
80874
54905
73420
36610
55456
39976
105181
76967
60426
38063
38754
39245
41609
76846
74783
72728
75514
59594
98868
72708
76756
83970
40798
41058
75313
