90953
102876
76556
141419
74101
145878
71486
140077
72949
71295
94641
185544
72459
137602
141109
71767
138584
138975
139887
143834
74892
75895
142792
70765
72348
74392
106844
71225
92246
72929
73630
70023
69653
69603
72108
70785
73600
199801
99800
71376
142231
136911
136009
142031
144235
141099
70915
137592
120520
202646
71887
142581
146459
143093
74091
76235
71617
69783
171978
69853
69352
70063
72729
140077
139155
71947
153683
140007
73230
140137
119568
70224
72097
69462
178721
136199
69593
70334
141359
143424
72408
166978
146970
249726
107054
71696
74973
72138
73991
140047
136170
72639
71656
74903
137311
144044
145076
81015
141310
144816
