102816
102516
103437
104078
202526
103598
102315
102625
105341
204189
197887
101203
101103
142642
204149
199661
100201
208667
205862
202476
205442
205020
147180
212445
229918
203889
103257
102416
101784
100802
103317
114819
199981
122684
102886
201554
197676
102445
104399
199199
204029
104929
203838
200462
207104
203968
104339
103727
101273
103687
204309
122203
108026
202646
104600
272439
200712
101965
199871
197256
199239
223696
104319
100661
201675
102455
111873
102415
104099
204119
107996
103577
122263
200973
196384
176065
207144
102034
100231
102155
107104
104439
101764
204329
104088
153022
103477
103948
102225
103386
201394
102214
202155
103347
197737
104328
126151
108016
105221
153552
