60295
61547
124387
63561
125108
61988
60355
60204
60996
122753
118285
61477
61578
59684
125158
125729
61828
61697
62480
62419
63031
62038
113987
119177
120740
63400
120970
119548
72628
122343
60616
61557
63210
121622
140257
152391
123325
62680
126501
187527
118646
119698
120038
59754
60825
62869
64232
62179
126521
149204
63041
122163
124037
62709
121922
124397
120369
61277
149384
62880
60385
151249
61216
60184
114148
115380
105120
62109
121662
61988
124628
61648
61167
61969
62048
62169
61277
60576
126561
124036
121562
119668
65415
85824
114408
65565
67258
85122
79121
122303
66407
61748
67979
69954
119267
62128
60625
63962
60596
74752
