183239
188810
96324
180003
195042
180073
93348
94049
93148
178380
98287
93188
92576
94870
139315
209669
93909
205933
178270
179131
93227
93388
92677
91855
92356
95852
179261
179762
112425
90512
108257
112955
180864
242402
194320
223245
96143
146970
93158
185804
179292
178891
178390
181837
183620
181616
92145
94911
94039
92436
92737
94200
92847
91645
95171
94460
92256
92316
91724
92777
93799
151279
189691
179252
188048
91764
167259
91805
189772
182277
91936
182658
177708
211933
101463
91815
91955
93749
138804
182738
186505
91444
91895
90763
91284
93969
186966
180103
92636
94720
188660
218176
93599
92046
92807
177969
179703
91193
194430
185273
