50486
51649
100190
50186
98598
55857
95251
98597
53302
102725
97907
76796
101854
51779
50627
50035
50677
50837
51759
49755
99449
99439
54954
53583
101343
100061
48964
99820
50737
51107
49394
102425
97766
102976
99580
51298
52460
51759
103026
99229
93989
50947
51278
50786
97085
51508
50516
49724
100882
100973
54043
49965
54805
102936
103798
50637
52250
99740
97566
53031
102936
97907
48864
48923
50556
51418
49755
104589
55576
50096
50656
99880
99209
52711
55776
51649
51128
50416
49996
49144
51598
52961
102896
101924
133565
98668
99990
94430
96244
104689
53883
102045
54724
51749
103918
100140
101734
101283
75344
51528
