840261
1075696
487912
492311
492660
487701
489588
1096997
718877
487981
492451
486864
719994
491753
488680
488540
489308
488819
490845
493080
485187
504114
493219
488819
510539
1172355
990279
928051
736546
488191
569067
1046083
596864
517524
491962
574654
973518
826921
1038540
585899
993282
599518
499854
496153
599867
975473
492102
487911
532051
484000
484209
488889
1201619
1435657
819867
1399619
705187
506698
492870
1316369
585828
492730
522972
492590
534076
489238
491822
489238
490146
506420
488680
497270
491823
1327822
493359
670686
511866
492731
1312667
589739
488120
488191
497061
490565
487632
724255
495803
510260
490914
665937
488121
495245
484769
485466
489377
859955
1095949
625010
558661
756312
