41415
41905
42044
93098
41905
41974
42185
41416
41975
42045
41346
41556
41556
41346
42603
41975
41695
41904
41905
41555
41696
41975
43372
41555
41625
40508
92191
91981
41975
41905
41695
42044
53080
41625
41066
41416
51124
41346
48330
41486
104832
41486
42114
42883
42254
41905
41974
41975
41765
42464
41416
42045
176420
42952
42184
43861
42045
42045
41626
41765
41556
42114
41975
42953
51474
43371
41486
41137
41905
42114
41626
41276
43162
42394
41486
41975
42743
92400
41974
41904
42533
41556
41416
42184
41416
41626
41975
42324
42603
42114
41904
42603
41975
42394
42184
41625
43023
41696
41904
42742
