183263
155258
154559
158609
162660
382102
159378
154768
156095
156095
155118
175162
155537
155118
154978
154559
154489
159377
161054
154908
154978
154629
158889
161473
166572
154000
154069
159168
166153
154558
154699
154629
159797
159378
154838
155188
154768
347111
154978
155396
154699
155327
156864
240114
159378
155467
157283
157562
159308
158749
154978
156025
158330
157701
159308
162800
155467
156235
161194
158610
171320
154279
157282
156933
158959
157981
154140
154559
159099
160286
154488
156934
163568
158889
158470
154489
154628
179283
155606
157283
162520
204984
156864
154559
162730
158400
164685
155886
160635
154489
159168
158470
349696
159797
154559
156026
160356
158959
154280
155956
