1885
1956
1886
1886
1886
1956
1886
2863
1886
1466
1885
1885
1467
1886
1886
1955
1956
1466
1956
1886
1816
1956
1886
1885
1955
3282
1885
1397
1466
1397
2863
1397
1956
1956
1467
1956
1956
1886
1886
1886
1467
1885
1955
1467
1467
1886
1886
2304
1886
1886
1955
1886
1886
1886
2304
1816
1955
1956
1885
1886
1885
1955
1955
1886
1885
1816
1815
1885
1956
1467
1885
1956
1397
1886
1886
1397
1396
1466
1886
1885
1886
1886
1886
1956
1885
1886
1886
1886
1886
1886
1886
1955
1956
1886
1886
1955
1885
1466
1467
1955
