5238
2864
2793
2794
4679
5378
2934
2863
5238
2864
2794
2793
2933
2863
2933
2794
2794
2864
2864
2793
2933
2374
2863
2863
2793
2793
2863
2794
2933
2794
2864
2864
2374
2445
2864
2374
6146
2374
2374
2933
2793
2864
2863
2375
2794
2864
2863
2864
2933
2794
2375
2863
2864
2864
5238
5238
2375
2375
2794
2444
2374
2933
2863
2863
2933
2934
2864
2934
2863
2863
2863
2794
2794
2864
2863
2864
2444
2794
2864
2793
2863
2793
2934
2794
2444
2864
2863
2864
2863
2863
2864
2864
2793
2793
2934
5308
2933
2863
2794
2863
