2305
2374
2863
2864
2374
2863
2794
2375
2863
2375
2444
2375
2794
2444
2864
2375
2863
2374
2375
2864
2444
2375
4819
2375
2375
2794
2305
2793
2933
2375
2375
2374
2375
2305
2864
2445
2863
2374
2794
1886
2305
2863
2445
2375
2445
2444
2374
2444
2375
2864
2445
2863
2863
2933
2863
5168
2374
2374
2444
2794
2724
2794
2864
2864
2305
1886
2794
2864
2794
2794
2375
2864
2863
2794
2864
2375
2794
2374
2864
2864
2794
2794
2305
2444
2445
2934
2934
2863
2724
2444
2933
2864
2444
2863
2444
2863
2304
2445
2863
2375
