36109
80527
36527
36667
36877
36248
36597
36318
36248
36667
36737
36527
36666
36876
36178
36876
36807
36737
36737
36248
36108
36737
36178
108464
80667
36248
35550
38622
36038
36737
37156
37296
36248
36457
36248
36667
36178
36178
36248
36806
80458
154629
37645
38063
37296
36667
80667
36737
36388
36317
36248
80039
36807
36667
36178
36667
36736
80387
36457
36248
80179
60763
36247
36807
80527
36737
36666
36108
36667
81505
36248
36527
36807
35898
81645
36667
36806
36597
36318
36248
36178
36736
36667
36666
36737
36666
36178
36248
36666
36178
36736
37086
36248
36737
36388
36317
36667
36737
36248
36248
