6216
12292
12502
6216
11873
6146
12292
12292
6146
5727
12502
5727
6286
5168
7613
6565
6146
6216
5657
5727
5797
12222
6146
6076
6286
6216
6146
6076
6216
6286
6146
12431
5727
6216
11804
5657
5727
5867
6146
6286
6216
7613
6216
6286
6216
6286
5657
6146
6146
6216
6146
12152
6146
6286
6146
6146
6146
6286
6216
6146
6146
6076
5727
6146
6076
5657
5727
6286
6216
6076
6216
6286
6147
6146
6146
5727
5727
12153
6146
5169
5797
6215
6216
5797
12292
5797
6216
6216
5797
5727
7613
6146
5727
6355
6076
6146
6146
6216
6216
6286
