45677
46375
45747
45677
49448
46235
46025
46235
45816
46165
100642
45747
45327
101271
46375
111328
46235
45816
101270
101061
55873
101271
45886
46584
58317
48051
46724
47003
47144
45886
45677
44838
45328
45746
45816
45886
45956
45816
50565
100922
45607
53498
49378
45816
46444
46584
46096
68166
45816
45397
45746
45466
46026
45676
102946
101899
45187
49099
64394
45886
108813
45537
45467
45817
45258
46026
45746
45537
45607
45677
45258
45676
45607
45886
46166
45886
45677
47143
45886
45816
45257
45746
46794
45607
45886
45328
45118
45397
45397
45607
45747
45606
45886
46025
46026
45676
45467
45187
45676
45466
