24235
27238
24236
24304
24305
24724
24445
26190
24235
25283
53498
24794
24724
24375
53499
23676
61042
24584
25771
31499
25842
25771
26260
24375
25213
24235
56362
24794
24654
24794
24863
24305
24794
49587
24654
24724
24305
24305
53918
53778
24864
53988
24374
24933
24654
24724
24723
24584
25283
24794
26400
54616
23746
24794
24515
24724
24723
24305
25282
24864
24794
24794
24794
24794
24515
25213
24655
52731
25143
24864
24933
24794
24375
24863
24863
24515
24794
25213
24375
24724
24584
24444
24794
24794
54547
25213
25003
24863
24794
24794
25143
24584
24793
24793
24724
25003
24654
25352
25282
24305
