98895
87162
40159
40857
53498
39111
39530
39391
39600
39530
39391
39181
39530
39391
39879
39530
39739
39321
39600
39600
39600
39739
39600
39600
39600
39391
39600
39670
41416
38692
38971
39181
39181
42603
39669
38832
39180
39041
39391
39600
39112
40089
40717
39600
39111
40229
39809
40508
39949
39669
39670
39390
38692
39670
40019
40298
39600
39740
39181
39390
39530
39112
39181
39530
39042
38971
42952
40577
40578
39739
39739
39530
39391
39530
39111
40159
39670
39600
40647
40578
39670
39391
39460
39600
43302
39181
39460
39461
39600
39390
39041
38692
39251
40369
39600
39600
38971
88559
39600
39041
