935383
359612
615789
346761
346342
787459
350184
347460
350114
841237
536800
472545
345644
370997
346412
778869
350323
705955
346342
346901
345225
798844
346412
347110
781243
358774
343060
346692
347320
346831
779916
347040
779148
360521
350045
792698
355422
773701
492590
804011
350114
1000684
420863
342222
345294
347041
364292
363873
768812
343340
352838
352559
347041
347251
773142
1040424
342152
813999
379936
734240
972260
465003
984132
884189
346901
352977
352558
348927
482952
343759
338311
834043
531562
408291
741714
397816
340756
344456
759663
363314
760221
341314
345155
790742
357238
344248
347320
336984
341383
344387
346133
398374
346831
340686
340476
763993
479740
354304
344317
344038
