12362
25771
12292
12152
12432
12362
12362
25912
12502
12362
12082
25771
12013
11803
13898
11873
12013
11873
11803
12222
33873
12292
12431
12851
11943
12502
12083
12013
12222
12292
12362
12292
11942
11803
12292
12432
25841
11873
11943
11942
12292
11873
12222
12362
12013
12501
12153
13829
12501
12292
12362
12082
12502
12292
22000
12152
12292
12501
12362
11943
12013
12362
12153
12642
11873
12012
11943
12362
11803
12432
12082
11803
11803
12013
12013
11803
11873
12292
11943
12083
12781
12292
12082
12362
12222
11803
12851
11943
12013
12362
12362
12082
12083
11803
12152
12083
12292
12362
12361
12362
