87231
87651
86813
87651
88210
86324
87162
87232
87580
87161
87301
87092
102178
87651
87092
87371
194717
87161
203657
194927
199676
95892
116426
120197
86883
125086
88349
87511
203028
87162
88279
86952
89187
87511
88768
89187
87790
87372
201911
87301
87791
87232
88698
88280
88629
87302
90515
87721
87232
99524
87371
87022
87232
87511
195276
89327
87302
87720
89606
87232
87302
87721
87302
87232
86743
87301
87861
87371
88978
89118
89047
126203
88838
87720
90095
87232
89118
89118
88139
89187
89118
87162
88139
87232
86882
87301
87301
91492
87441
88209
86883
87442
104553
198698
87162
85835
161472
197580
94146
108184
