954310
780545
777961
800730
782082
800799
1117040
779427
779358
825593
777961
778520
780964
795771
777752
770208
783129
777961
774050
771396
776215
773631
915757
828386
777961
774679
811834
782571
779777
795072
783688
784527
777472
801986
780615
778799
802684
783199
776984
802545
782780
781593
776354
778799
781104
770768
808691
1101675
775657
879440
982176
796189
774958
778799
778101
777822
775587
781104
799822
780406
779777
1263288
779008
892919
779427
779218
782571
780754
783688
778310
791022
774678
779148
875250
779148
786971
788996
774120
773980
778310
848081
782431
774190
790603
776494
774958
1239402
1383135
785015
778869
774678
779847
811345
784107
776215
788996
774818
780196
793745
792628
