560196
241022
536171
237251
236692
241301
237111
241022
241511
241511
244934
251847
240533
240883
240953
241371
245352
254990
533656
241440
246819
297663
272521
240812
241651
393486
241022
244234
540780
535892
236902
396209
537986
242140
242210
241022
242279
243466
241232
535193
241022
240533
299688
243815
240882
240533
244304
240463
243885
258343
240813
236552
541269
244933
289841
243397
244374
240882
243606
241371
431270
240463
245562
240812
241302
242838
255898
540222
243467
537707
592043
241861
542945
240813
241371
240603
241302
246610
241511
241231
555866
242069
241720
243536
241092
243187
243048
247168
241301
243606
247657
397397
251707
240324
243326
438532
449778
236552
236692
241022
