81505
81505
80597
80248
179632
81924
81505
81086
81994
80667
81155
81225
84718
81366
81085
80806
81015
85207
82134
200305
80597
81645
201842
81156
83879
81714
81435
81016
80806
81854
81504
82273
82134
81993
83739
81504
80876
80597
81784
81924
80597
81855
81366
82064
80807
81225
83460
81435
81016
81435
81505
180051
82692
82203
81295
81994
81435
82064
81365
81924
81714
82064
82064
82063
82552
82203
81645
82693
81644
81784
82063
81924
81994
81086
81574
86464
82064
81365
82902
81923
82692
82064
81924
83041
81365
82413
82623
83320
82273
81924
81715
81994
82692
85905
81225
83042
80806
82552
82762
83321
