29543
29542
29612
29054
29054
29403
29054
29613
29334
29124
29124
29403
33803
29753
31987
28635
29333
31987
29613
29333
29123
29124
29054
29543
29543
29613
29543
29054
30031
29543
29543
29054
29054
28984
29123
29124
29613
29194
29124
29333
29682
30521
32267
30102
32965
30032
28984
29613
29543
29613
29612
29542
29333
29543
44838
29473
28914
29124
29542
30032
30032
29473
29543
29124
30102
30521
29962
30102
29124
30101
30520
30242
30032
29543
29543
29054
28914
29543
29543
30031
30520
29892
30032
29543
29613
30102
30241
30031
30521
29962
29124
29893
29543
29613
31777
30032
30032
29543
29892
30032
