40508
18648
18647
18229
18927
18787
18578
19137
18648
18927
18997
40439
18996
18648
19137
18508
19137
19066
18508
18997
18927
18718
41207
18438
19347
18648
18997
18439
18508
18648
18508
18718
19067
18228
18857
18648
18089
18647
18438
19206
18927
18718
18438
19137
19137
18508
18927
19416
19137
19136
19136
18997
18997
18578
17739
18996
18647
18508
18648
18578
18718
18996
18718
18927
18089
18717
18927
19137
18927
18718
18927
18578
40229
18718
19276
18717
18927
18718
18997
19207
18438
18577
18717
18996
40368
40927
18927
18647
19066
18508
19207
18997
19066
18647
18438
18997
19067
18927
18717
19556
